1 -26.324541
1 28.876234
1 -18.135157
1 22.671694
1 5.779017
1 27.433828
1 -16.740593
1 -13.307606
1 24.251127
1 16.617004
1 10.303733
1 -3.000266
1 1.206949
1 13.722991
1 2.342218
1 -6.788607
1 -16.276533
1 -7.586535
1 -25.945908
1 -14.195734
1 9.997794
1 2.327385
1 14.805362
1 14.432679
1 -0.491103
1 -28.479872
1 -22.710257
1 -0.580670
1 24.431978
1 -8.988594
1 15.156569
1 -15.127113
1 -14.291701
1 19.598995
1 13.819263
1 -14.785686
1 12.723777
1 -4.524483
1 -8.305072
1 -6.966794
1 3.122472
1 -16.677195
1 2.763824
1 -24.779736
1 -6.162492
1 20.785427
1 -25.534395
1 -21.048727
1 -15.718707
1 14.736527
1 3.260732
1 -36.939026
1 11.489554
1 -10.513816
1 25.686184
1 1.568341
1 2.356204
1 -15.648033
1 -26.652605
1 -2.218612
1 -12.702148
1 -8.079601
1 -6.031638
1 27.156614
1 -17.285740
1 -18.163105
1 3.868031
1 -37.266815
1 -11.808964
1 -24.700798
1 13.908528
1 10.031446
1 16.052555
1 -0.570498
1 16.302977
1 14.099022
1 12.549046
1 -25.894125
1 -29.058531
1 -12.099058
1 -10.675015
1 28.599474
1 0.684833
1 16.961800
1 21.270910
1 23.496294
1 -19.874643
1 25.143654
1 12.803187
1 8.061703
1 17.771467
1 -20.218985
1 23.870523
1 -13.677699
1 -28.977579
1 -9.080645
1 -18.479824
1 4.124090
1 12.134194
1 23.607679
1 22.183527
1 -14.434649
1 18.128813
1 -22.656887
1 -17.914877
1 -12.883811
1 -14.780068
1 -6.658977
1 -27.893564
1 -4.164965
1 -24.924040
1 -9.374950
1 17.546896
1 -24.905357
1 -17.242586
1 -16.718870
1 33.207115
1 13.300424
1 1.555168
1 12.129827
1 -10.344817
1 5.234286
1 0.912156
1 -14.855361
1 -16.842913
1 2.014684
1 7.961661
1 -25.579042
1 -22.905399
1 34.717068
1 -15.310910
1 -27.340296
1 15.064998
1 -11.513331
1 26.060045
1 4.578700
1 3.762112
1 -13.098161
1 17.050804
1 15.330371
1 30.489258
1 12.835258
1 19.153811
1 18.047712
1 24.807077
1 15.692185
1 -15.200316
1 17.900145
1 1.894047
1 13.612769
1 -2.942246
1 -9.913903
1 -17.973951
1 25.626375
1 -30.696375
1 -10.665010
1 22.024395
1 4.599044
1 -6.981292
1 17.124525
1 -9.896453
1 -22.326193
1 -9.421535
1 20.112001
1 39.231625
1 -0.525883
1 10.942760
1 21.638332
1 -17.218826
1 -19.779963
1 -18.142450
1 -8.549095
1 -6.197931
1 -18.295464
1 30.817266
1 11.488752
1 1.365533
1 -0.678525
1 25.875345
1 28.484755
1 -25.469702
1 -16.337009
1 -12.597173
1 -19.575338
1 20.470034
1 -25.890850
1 15.783222
1 7.179176
1 -22.101099
1 -11.731692
1 -19.920794
1 -6.493422
1 15.134967
1 6.024182
1 32.528736
1 24.223644
1 29.994534
1 -11.488170
1 0.027824
1 19.355112
1 -16.210781
1 1.477397
1 3.815037
1 4.057458
1 27.891121
1 2.303268
1 21.507915
1 -9.884046
1 21.472095
1 -13.043771
1 -5.122333
1 33.223133
1 17.579306
1 20.227747
1 -4.768221
1 -20.405073
1 -15.167064
1 4.728014
1 12.819323
1 30.968672
1 -27.664661
1 -15.609605
1 -12.503087
1 6.285050
1 -14.728963
1 -15.819997
1 9.144943
1 16.655243
1 -26.264212
1 -29.011272
1 30.094549
1 -20.046776
1 -10.340005
1 -14.045177
1 -26.587374
1 20.430056
1 -13.460095
1 -10.659314
1 -18.452181
1 29.518869
1 1.552323
1 27.892023
1 -26.194799
1 -2.995982
1 -1.978717
1 6.382343
1 -9.106220
1 22.886831
1 8.712016
1 -9.275613
1 14.646979
1 23.946320
1 -17.697439
1 -19.483248
1 -22.629763
1 -27.096851
1 -4.824319
1 12.085359
1 20.572916
1 28.445011
1 -13.467248
1 14.755961
1 7.361346
1 12.851751
1 -6.326615
1 0.033705
1 -19.416166
1 29.045816
1 -5.327425
1 9.552268
1 17.831297
1 16.892141
1 -12.331456
1 -28.519365
1 9.158864
1 26.599878
1 37.366199
1 6.559283
1 -11.132998
1 0.837621
1 -21.072355
1 15.744033
1 -14.447995
1 -8.155117
1 -15.134246
1 -14.647071
1 -18.864401
1 -19.677473
1 -18.704103
1 -8.968076
1 -10.650588
1 -9.619107
1 0.912520
1 -26.681231
1 29.653728
1 -18.103388
1 12.963095
1 -15.741717
1 -14.051093
1 3.038460
1 20.487932
1 -22.369068
1 -21.093800
1 -11.383365
1 -17.301558
1 11.765084
1 14.135703
1 5.156885
1 14.805007
1 -3.368806
1 16.361931
1 -26.053951
1 4.610156
1 -28.676504
1 14.960359
1 -16.336252
1 -14.078439
1 -19.423780
1 -16.372307
1 26.206442
1 -15.366670
1 23.767973
1 -19.864042
1 -34.435577
1 6.883291
1 -2.595217
1 -9.711105
1 14.080998
1 7.253156
1 -20.298536
1 19.085085
1 16.053961
1 -27.700493
1 -3.836408
1 15.262376
1 23.712229
1 -13.608270
1 9.245524
1 -17.155416
1 -22.037271
1 22.148907
1 -3.371427
1 -21.205606
1 5.243053
1 -19.522232
1 -16.076368
1 4.960501
1 26.879271
1 -16.468466
1 -19.919958
1 40.377686
1 -12.346829
1 -20.989996
1 -8.107085
1 7.649572
1 -5.609753
1 -5.845939
1 -16.344736
1 25.844690
1 -22.381693
1 -7.848960
1 1.775279
1 -27.071299
1 4.184533
1 -10.770018
1 -25.656914
1 0.312817
1 -16.130003
1 -9.788224
1 -10.503752
1 -13.242679
1 -0.156749
1 -7.914489
1 2.858585
1 4.880737
1 2.446148
1 11.900368
1 14.357234
1 -10.923784
1 13.702471
1 -31.276457
1 -16.533472
1 -16.451288
1 8.891814
1 3.460715
1 -6.993447
1 5.597127
1 -17.085955
1 16.188372
1 -10.638058
1 -11.016535
1 3.125258
1 -1.630286
1 8.714062
1 -18.012300
1 -9.160071
1 -19.591864
1 -13.402935
1 -16.177313
1 -25.453093
1 21.642212
1 -18.200813
1 -17.758554
1 -8.169790
1 -11.177085
1 29.569315
1 18.612522
1 1.506933
1 14.104763
1 -23.075397
1 -29.220240
1 2.002682
1 3.239719
1 11.940452
1 28.193119
1 -6.639705
1 -13.161678
1 10.344677
1 48.051991
1 -7.291338
1 13.189176
1 10.151659
1 15.781675
1 14.526842
1 28.476915
1 -18.746489
1 20.364691
1 3.126022
1 22.384130
1 -21.695871
1 19.618898
1 -6.781888
1 27.364325
1 -10.964587
1 -22.048666
1 -8.088280
1 -34.482384
1 13.676021
1 -22.012091
1 10.827058
1 -22.339025
1 24.420099
1 6.896776
1 21.155930
1 -13.659707
1 32.750191
1 -21.655500
1 -25.849316
1 25.412273
1 15.253264
1 21.995401
1 -23.901510
1 -15.755532
1 -6.739924
1 26.368879
1 -9.345983
1 1.353918
1 -9.987354
1 -10.533519
1 31.887314
1 0.491261
1 40.763828
1 39.458759
1 11.118965
1 -19.185097
1 28.092842
1 20.219444
1 -14.002540
1 19.745766
1 -12.998376
1 -6.750898
1 2.875639
1 -15.456911
1 -20.967783
1 -16.239126
1 9.805326
1 -33.535816
1 1.685941
1 18.707823
1 -8.631204
1 2.496125
1 8.941270
1 3.315927
1 11.680660
1 -21.631948
1 -4.699476
1 32.782452
1 19.799467
1 -27.233671
1 -3.279374
1 9.283050
1 -11.946492
1 -24.833605
1 -26.226126
1 20.510878
1 28.784582
1 6.676772
1 18.576326
1 -10.744439
1 21.807245
1 -7.295872
1 -16.272692
1 -21.062796
1 -5.973573
1 -1.555486
1 -25.259853
1 36.856953
1 20.495821
1 27.783876
1 19.894489
1 -15.798415
1 5.990224
1 24.048613
1 -14.004394
1 15.527375
1 -34.170910
1 -6.195738
1 25.678665
1 -5.292367
1 38.747471
1 -11.394486
1 -3.996937
1 2.594357
1 19.501825
1 23.974131
1 -10.133655
1 22.026089
1 -12.933727
1 -8.165583
1 -14.940283
1 45.549286
1 -14.974147
1 -10.566361
1 -13.654412
1 -11.994248
1 24.204103
1 14.738582
1 23.390823
1 -24.514620
1 13.520592
1 -12.094179
1 -19.797882
1 -20.937115
1 2.310180
1 16.984411
1 -13.590339
1 -9.555829
1 -11.898015
1 27.511522
1 -12.266021
1 -8.245315
1 -12.811680
1 -14.300190
1 16.637957
1 -10.570961
1 -12.823615
1 -23.091030
1 -11.437064
1 -27.853678
1 -5.877938
1 15.534574
1 -20.741804
1 4.060744
1 -22.242620
1 9.598096
1 12.160809
1 16.860033
1 1.357595
1 -14.280290
1 10.247262
1 3.686031
1 -20.061148
1 -32.974400
1 2.587684
1 -15.831616
1 17.765135
1 -19.362089
1 -18.677786
1 18.618681
1 7.789422
1 -18.970201
1 36.963917
1 -5.733624
1 -22.546684
1 30.738586
1 -15.681022
1 26.446764
1 -10.207319
1 -17.782061
1 -3.606591
1 -3.958800
1 12.181750
1 -18.758324
1 -12.539848
1 3.550568
1 9.088186
1 -8.173930
1 -18.139343
1 -22.694815
1 20.394445
1 16.121550
1 -12.462880
1 27.221769
1 25.777937
1 -9.265056
1 0.913644
1 -15.943852
1 -13.245127
1 4.516435
1 -15.417516
1 34.719757
1 0.079613
1 -19.881914
1 13.526221
1 7.576867
1 -39.556839
1 12.336781
1 3.861263
1 8.279812
1 10.920708
1 -1.175219
1 24.779385
1 12.595079
1 -6.916857
1 -17.437574
1 -11.058916
1 -15.254519
1 20.087667
1 12.819493
1 -18.233278
1 20.087217
1 6.766865
1 16.269379
1 -17.368940
1 9.160227
1 11.970654
1 -33.851562
1 -20.777922
1 -9.856709
1 38.864002
1 4.319631
1 26.299850
1 6.275609
1 -12.040957
1 5.366271
1 1.773574
1 5.365297
1 20.693474
1 20.935904
1 -17.835722
1 -16.555859
1 -11.245462
1 -23.976072
1 6.417544
1 -16.761761
1 2.233458
1 2.656941
1 -22.188553
1 -0.415158
1 -22.842356
1 14.462355
1 -9.193892
1 -10.810161
1 9.597806
1 -30.937639
1 7.875945
1 15.541562
1 4.196645
1 16.876787
1 -18.199652
1 15.298306
1 -14.113803
1 25.509596
1 18.054018
1 15.527634
1 -9.946866
1 15.348945
1 16.835508
1 18.995871
1 -23.250082
1 12.655867
1 -5.950339
1 -25.590055
1 -17.457123
1 -9.323323
1 -34.227924
1 -15.743432
1 -32.644012
1 -8.052043
1 19.099947
1 -6.510078
1 -11.835431
1 -7.961425
1 -12.210435
1 -9.461382
1 7.039061
1 26.582567
1 -2.841984
1 13.623734
1 36.952427
1 20.547686
1 28.385698
1 -21.439522
1 -16.041275
1 -22.153833
1 -22.456072
1 -7.045641
1 32.292202
1 -10.481199
1 -22.944914
1 14.386432
1 37.068035
1 -31.113436
1 -24.605349
1 17.837969
1 -2.703799
1 2.836128
1 -1.623971
1 -11.966653
1 11.659368
1 15.605266
1 14.664477
1 14.145547
1 -29.087893
1 6.530695
1 2.629058
1 4.904612
1 -6.393212
1 16.971907
1 -26.814985
1 41.012878
1 9.962010
1 -8.740795
1 -4.324431
1 -20.437620
1 -8.685527
1 4.986955
1 23.312269
1 15.828625
1 0.905812
1 -2.434254
1 -8.392026
1 -18.779398
1 15.257641
1 -10.479103
1 -6.645894
1 27.515192
1 -25.401905
1 18.490606
1 -18.675821
1 16.091307
1 -22.434164
1 -4.955665
1 -16.394800
1 -3.815572
1 -12.545854
1 -20.547659
1 -15.617118
1 19.361048
1 17.408094
1 -7.718840
1 2.102095
1 35.438885
1 13.652614
1 16.869205
1 -28.841928
1 9.311721
1 15.492510
2 -20.416162
2 -8.921287
2 10.833389
2 34.670700
2 -10.705041
2 -4.042407
2 17.916292
2 17.344587
2 20.900345
2 20.934488
2 3.732817
2 -25.866110
2 -27.648035
2 -22.272430
2 -12.237145
2 -26.337997
2 9.180123
2 -12.553294
2 -3.496139
2 7.571640
2 6.183129
2 22.148520
2 0.615137
2 -11.383235
2 19.277847
2 18.819469
2 15.388997
2 16.591621
2 -20.777187
2 -23.438581
2 -31.399450
2 -14.182695
2 -13.316757
2 7.904294
2 -23.925646
2 -1.677181
2 4.975984
2 -18.958139
2 -23.191637
2 4.448804
2 4.072528
2 22.273602
2 3.189665
2 -16.217020
2 -4.245049
2 -20.560484
2 -1.493553
2 -22.090693
2 -18.762857
2 -16.717222
2 -14.699506
2 -4.781117
2 -16.693766
2 8.458364
2 -17.915527
2 -11.704092
2 10.993820
2 7.105164
2 12.552642
2 1.749846
2 -24.089668
2 28.020494
2 4.817502
2 13.088363
2 -10.664505
2 -9.210638
2 -20.070204
2 -25.939341
2 -19.132288
2 -1.466298
2 -21.495028
2 36.938477
2 46.844898
2 8.096777
2 22.185116
2 3.268744
2 8.380823
2 1.593004
2 10.411073
2 13.599939
2 20.328421
2 -17.164318
2 -19.552967
2 -9.907847
2 3.438998
2 45.968491
2 16.437160
2 2.409704
2 12.408938
2 4.295383
2 20.641302
2 -21.730967
2 8.399614
2 20.630604
2 -11.139469
2 8.459668
2 12.493561
2 -11.781459
2 6.692788
2 18.291040
2 -10.619356
2 -18.177961
2 -25.645880
2 -17.218849
2 -5.376362
2 -18.716240
2 15.632731
2 -18.557728
2 -12.803988
2 17.416136
2 -27.025232
2 14.271899
2 25.541336
2 12.689046
2 16.586300
2 24.914564
2 32.428131
2 -9.706998
2 -3.650360
2 -24.018759
2 22.639870
2 -15.073693
2 1.498401
2 -27.702505
2 28.419691
2 -17.471603
2 -1.580731
2 -18.144688
2 -3.385264
2 -13.903255
2 -18.517792
2 10.572440
2 32.632500
2 24.045891
2 -26.661417
2 21.684759
2 9.815033
2 -5.328155
2 1.587017
2 19.271530
2 20.507677
2 -28.554369
2 -15.149064
2 24.485678
2 -17.332439
2 -32.578548
2 11.992356
2 2.828577
2 -13.158328
2 -18.287907
2 -10.958483
2 -15.348123
2 1.678064
2 10.818419
2 7.908231
2 -17.066366
2 -0.562015
2 -13.630737
2 -11.551982
2 -11.634789
2 -16.030424
2 -16.601362
2 -5.621190
2 27.514004
2 -1.867037
2 4.570206
2 -0.816695
2 -15.848042
2 -15.683248
2 14.842761
2 -6.358142
2 2.729868
2 -27.579863
2 -23.058992
2 -22.950178
2 -12.707427
2 -18.292181
2 -11.647359
2 33.604332
2 9.986377
2 19.615761
2 3.238123
2 -16.231184
2 -28.152981
2 -11.501357
2 -15.700610
2 19.456297
2 27.500692
2 29.713125
2 19.283859
2 -22.781918
2 14.863070
2 11.129109
2 4.661678
2 5.007216
2 19.711874
2 27.966978
2 2.242559
2 -13.544032
2 15.627888
2 4.289778
2 1.518780
2 -5.118498
2 42.816063
2 0.109567
2 -20.508745
2 -6.681509
2 -23.018251
2 -23.831308
2 -16.952610
2 -9.388450
2 -12.072341
2 -12.704364
2 -10.058732
2 -8.356172
2 -5.403850
2 -22.365454
2 17.451252
2 15.171318
2 -7.817639
2 31.559874
2 -8.465148
2 1.687471
2 19.218061
2 13.511773
2 0.298163
2 -16.558455
2 20.185390
2 -22.732553
2 28.354742
2 17.322023
2 -20.032125
2 12.706527
2 19.140720
2 -19.061293
2 -17.302990
2 -10.525510
2 18.376600
2 3.486021
2 -14.882599
2 -5.442195
2 15.602426
2 39.045162
2 10.821389
2 -8.255636
2 -22.631971
2 -10.307162
2 11.688738
2 12.341438
2 -11.327133
2 -15.744157
2 19.405733
2 -6.574216
2 6.935304
2 -18.676092
2 -5.898274
2 45.260311
2 -20.097775
2 11.336665
2 6.728518
2 11.083188
2 14.632682
2 -26.524584
2 -19.954344
2 1.251103
2 3.262159
2 10.441264
2 -24.419001
2 23.130732
2 -21.537497
2 -11.680482
2 12.428754
2 6.021447
2 -26.733591
2 -3.242634
2 -19.444529
2 -16.596689
2 -23.750826
2 -25.095060
2 2.938470
2 -24.042086
2 25.323566
2 -6.155351
2 -14.848197
2 -22.358328
2 -21.197689
2 21.093132
2 -16.137499
2 -2.347026
2 4.977118
2 3.978619
2 -17.564283
2 -7.816272
2 1.036746
2 30.934855
2 19.125677
2 -15.441107
2 7.334726
2 -16.845316
2 -18.099138
2 12.424336
2 -17.383341
2 -19.906595
2 1.690988
2 4.368093
2 -5.918149
2 0.625581
2 13.155809
2 -27.186712
2 13.729295
2 -27.949463
2 -3.319827
2 -25.123388
2 -18.918028
2 -19.185490
2 -14.144193
2 8.384308
2 17.370213
2 3.872726
2 -17.326412
2 11.722322
2 26.600014
2 -12.257308
2 10.226126
2 -1.653422
2 15.577043
2 21.361347
2 27.631903
2 1.362736
2 25.914501
2 -14.975165
2 -3.741856
2 -29.602491
2 -18.245256
2 20.998796
2 11.857112
2 -6.449608
2 21.469210
2 -9.083797
2 28.743464
2 -14.058688
2 28.924248
2 -9.291718
2 13.810676
2 33.709435
2 -22.857819
2 3.512943
2 0.428759
2 -14.861204
2 -11.084637
2 -20.584414
2 5.552975
2 -16.298384
2 -27.190241
2 11.358699
2 -22.487701
2 12.160572
2 -13.369069
2 -17.576143
2 -7.849567
2 -11.192828
2 -13.682641
2 9.654449
2 -17.368307
2 0.433419
2 17.357946
2 -19.453714
2 -13.217005
2 0.376815
2 -15.582608
2 10.493756
2 1.930552
2 14.398065
2 -14.180411
2 -13.423842
2 -14.901038
2 18.339144
2 31.274355
2 -14.492942
2 26.369080
2 -16.494265
2 29.329027
2 -19.460718
2 -23.951433
2 17.269716
2 -19.161694
2 24.133175
2 -6.251337
2 -14.398967
2 -17.784782
2 -8.845924
2 14.352050
2 2.561400
2 6.400497
2 -17.728123
2 -10.567352
2 -13.202979
2 -22.959974
2 -2.101365
2 -10.920629
2 17.239618
2 -10.799087
2 -16.753981
2 10.745791
2 -9.340719
2 14.128460
2 31.055017
2 -23.745867
2 4.759751
2 -0.228297
2 -7.366882
2 -20.360586
2 1.931073
2 23.541491
2 2.743410
2 32.299217
2 2.908982
2 25.277414
2 -28.063124
2 -23.780167
2 12.484535
2 -15.718824
2 29.348108
2 7.330535
2 -18.264084
2 4.730255
2 37.317993
2 -20.386068
2 36.819206
2 -9.318042
2 15.891295
2 -23.314440
2 -14.147971
2 0.627277
2 -11.133097
2 24.830696
2 -23.333567
2 16.880861
2 -4.030669
2 -4.574928
2 3.570067
2 8.722371
2 -1.849317
2 -18.364687
2 5.328039
2 2.223856
2 14.258835
2 11.281449
2 3.324686
2 20.011877
2 -22.494390
2 16.899487
2 -1.578132
2 24.105679
2 -7.494135
2 -13.003236
2 -12.924999
2 4.453455
2 -2.066212
2 40.831825
2 13.606641
2 -4.412598
2 6.021348
2 34.850079
2 -6.172064
2 35.334740
2 -13.697074
2 9.222242
2 -27.834074
2 19.016840
2 -21.081388
2 11.762654
2 23.943823
2 -11.203254
2 -9.928344
2 4.274996
2 14.024537
2 9.253230
2 15.872151
2 -23.700253
2 -23.240248
2 6.020774
2 -13.935562
2 -16.887981
2 -22.721312
2 18.433683
2 -21.688107
2 -6.992407
2 -15.270225
2 -21.144970
2 -13.856327
2 16.360865
2 15.064099
2 -28.284990
2 -27.473082
2 19.976328
2 -11.040151
2 10.074471
2 -15.397689
2 22.539667
2 -9.187840
2 8.064048
2 19.880333
2 11.784289
2 -13.031852
2 -9.863259
2 5.701749
2 5.978425
2 24.027765
2 6.093300
2 10.125894
2 35.988388
2 -11.504157
2 -19.059622
2 23.560167
2 -21.607424
2 33.215088
2 -10.275078
2 23.710745
2 22.596203
2 -14.069774
2 0.971962
2 14.227486
2 32.645199
2 14.842643
2 -1.176701
2 14.236485
2 12.107354
2 13.424465
2 -17.112934
2 10.679049
2 3.977728
2 -19.055544
2 4.798802
2 -16.023718
2 -27.949171
2 -21.340776
2 -25.293459
2 0.703991
2 25.607031
2 -17.578800
2 -17.053947
2 -22.851398
2 5.846657
2 -18.671022
2 0.753064
2 28.484301
2 14.900196
2 -20.881826
2 2.589074
2 -12.584567
2 32.680321
2 3.344564
2 9.435912
2 -10.301068
2 13.021684
2 -10.071736
2 -22.979391
2 24.596262
2 28.280916
2 21.545385
2 -12.866482
2 2.016682
2 14.649955
2 -6.926193
2 -13.912793
2 -8.670106
2 14.534865
2 -20.262228
2 -14.415565
2 31.160688
2 -19.458723
2 -15.904338
2 -3.367079
2 -13.900312
2 19.060190
2 -9.473533
2 -4.602046
2 5.867832
2 22.938807
2 20.316233
2 -10.481750
2 -14.030744
2 -10.277777
2 -16.582823
2 -6.499723
2 -0.366572
2 10.092024
2 12.544227
2 -7.201972
2 14.945762
2 -7.514612
2 1.122636
2 -15.031818
2 34.915970
2 -29.237438
2 10.353017
2 9.966249
2 -16.497599
2 -15.700347
2 -8.821781
2 4.121142
2 -6.413990
2 5.095316
2 3.633009
2 10.295890
2 -13.112571
2 -19.161194
2 2.635280
2 17.263157
2 -26.809389
2 16.113178
2 13.644496
2 -16.398005
2 4.748879
2 30.247574
2 -20.842028
2 -14.062822
2 24.812618
2 3.679235
2 -28.819918
2 -20.425779
2 24.443491
2 31.189249
2 -17.891748
2 -0.256293
2 4.056684
2 -7.551496
2 3.356141
2 -23.501869
2 9.336146
2 -11.673524
2 -19.610458
2 -18.246664
2 25.972429
2 9.895398
2 -25.522192
2 16.027502
2 -17.214407
2 -6.246658
2 10.968780
2 -8.286026
2 14.050233
2 -10.728017
2 38.222477
2 22.362185
2 -3.701308
2 24.297937
2 18.715319
2 -10.409022
2 -11.639455
2 -3.554337
2 2.905045
2 -25.989756
2 -18.679281
2 -22.747347
2 6.883450
2 16.866917
2 4.534910
2 7.992640
2 35.761272
2 -25.303236
2 -7.739824
2 -12.440534
2 -5.243610
2 21.887476
2 10.378028
2 -15.069241
2 9.833415
2 -7.923554
2 -23.168619
2 13.792041
2 -12.615623
2 -10.367291
2 -1.732291
2 -9.360634
2 0.872420
2 -18.940594
2 -21.443420
2 -13.595026
2 -20.839743
2 11.958866
2 -26.167984
2 -27.600584
2 9.876115
2 15.548246
2 -10.002135
2 -18.185633
2 11.654284
2 -22.049461
2 20.534533
2 -26.406807
2 5.293712
2 -11.187854
2 -20.227184
2 39.847012
2 6.512134
2 3.305617
2 -14.261320
2 25.265314
2 -37.167416
2 8.641574
2 17.826376
2 -24.947821
2 -4.473077
2 28.766790
2 19.032095
2 -12.593364
2 -9.308518
2 -8.792882
2 -4.931547
2 22.533537
2 7.363899
2 -6.427822
2 16.760710
2 4.899221
2 15.259652
2 16.787127
2 -11.797004
2 -10.621627
2 -15.121822
2 7.051339
2 -22.708796
2 -13.962536
2 -5.468818
2 1.093897
2 9.831833
2 -11.594066
2 9.574894
2 16.663286
2 -22.657782
2 -16.544550
2 -21.169014
2 8.619066
2 -11.014815
2 14.288334
2 -15.317635
2 -9.687486
2 -22.510267
2 23.850428
2 -27.233221
2 36.166878
2 19.095150
2 15.834473
2 -8.823139
2 -14.488835
2 -12.608453
2 -18.079668
2 -21.969778
2 27.713343
2 2.250668
2 13.635463
2 -24.710899
2 -24.864428
2 -4.486638
2 -26.150415
2 19.692724
2 -0.814231
2 31.769928
2 5.481361
2 34.474983
2 13.576896
2 -10.187457
2 -10.576190
2 3.157980
2 27.938719
2 23.353777
2 -21.840982
3 -28.194950
3 8.158949
3 21.489927
3 -24.496462
3 17.085634
3 31.123438
3 5.252338
3 30.374979
3 19.379580
3 -7.315206
3 15.234866
3 3.912211
3 5.323878
3 -28.068775
3 -16.803864
3 36.701382
3 -14.118647
3 -12.776509
3 -30.350367
3 -12.517777
3 -16.950071
3 -0.205464
3 15.424790
3 -18.639713
3 2.495103
3 3.019233
3 4.251714
3 -21.027466
3 -10.796522
3 -21.923891
3 22.717524
3 2.278352
3 37.991432
3 18.821289
3 -15.852645
3 9.654857
3 -18.212656
3 13.486920
3 -32.118896
3 16.950211
3 -12.840606
3 2.716763
3 -29.427925
3 11.332392
3 -28.003422
3 -22.223661
3 3.745474
3 2.181156
3 13.642801
3 -3.316541
3 11.877872
3 -10.920948
3 -26.073221
3 3.710970
3 1.587134
3 -8.191503
3 -12.358673
3 5.456675
3 -14.397956
3 -3.952131
3 -1.137184
3 -15.501018
3 -16.353176
3 36.574726
3 -21.359938
3 49.839077
3 -5.413981
3 -20.883289
3 23.894129
3 -29.738970
3 2.988986
3 2.277556
3 17.001881
3 -17.606306
3 -21.804689
3 -6.868166
3 17.363850
3 3.783564
3 13.356909
3 -15.511350
3 10.563168
3 6.144359
3 8.441557
3 7.549360
3 -10.983302
3 17.758745
3 20.851383
3 -7.772474
3 16.528584
3 4.191586
3 2.959230
3 -19.460871
3 27.487898
3 19.159956
3 3.774447
3 -23.177599
3 2.714530
3 7.847824
3 -23.258442
3 7.303098
3 3.028410
3 -23.831472
3 2.671052
3 -16.587276
3 2.942144
3 6.842810
3 -29.131977
3 22.215567
3 2.539102
3 -12.131531
3 -27.929873
3 -20.401093
3 -20.326775
3 -7.966762
3 -1.811741
3 -6.342272
3 7.893962
3 3.086433
3 16.035934
3 -4.420758
3 -2.446706
3 3.251054
3 11.564758
3 9.331529
3 15.169369
3 -21.014736
3 21.299513
3 -11.472989
3 -21.360619
3 -14.202182
3 11.273763
3 12.711155
3 22.441458
3 1.756651
3 5.143846
3 25.727829
3 -16.636694
3 -14.303857
3 3.123551
3 3.701936
3 -17.885950
3 -25.245657
3 -8.308125
3 2.389426
3 30.882021
3 -18.219650
3 -17.173914
3 -13.680908
3 17.884359
3 0.993896
3 5.453409
3 6.148856
3 2.551494
3 -17.507429
3 12.031058
3 -25.348242
3 15.447838
3 17.142700
3 13.488296
3 20.947985
3 -10.264012
3 12.586674
3 -13.878345
3 20.317375
3 1.423596
3 1.464439
3 -19.542532
3 26.230892
3 4.037081
3 22.362650
3 21.997719
3 15.677299
3 28.759123
3 43.966660
3 0.520132
3 -15.559028
3 -9.136790
3 -11.060381
3 2.112056
3 3.042782
3 -13.899943
3 15.079988
3 20.447809
3 -9.622431
3 2.799067
3 -18.433058
3 -15.819476
3 -10.659408
3 33.324661
3 17.041838
3 39.438072
3 -9.543015
3 12.881572
3 -21.370192
3 27.627043
3 3.487436
3 -23.149801
3 2.372175
3 -5.842520
3 2.968821
3 2.262068
3 6.082462
3 10.101826
3 -26.244646
3 27.926081
3 4.186803
3 -27.776884
3 -15.945374
3 -6.767209
3 -14.408516
3 3.042410
3 -27.140631
3 -21.022505
3 -24.582106
3 -15.961156
3 -7.499821
3 -5.388888
3 -26.208340
3 5.640770
3 2.392758
3 -16.080664
3 5.244305
3 26.590488
3 24.084013
3 -17.886992
3 28.930965
3 36.754562
3 4.198774
3 18.424910
3 -8.086783
3 -14.971111
3 3.067880
3 9.967013
3 14.503055
3 20.631731
3 10.640552
3 -15.435571
3 3.857170
3 -23.125317
3 3.959557
3 -10.305696
3 -23.219889
3 -10.682323
3 3.197135
3 -21.086435
3 -9.591346
3 -26.015934
3 2.916075
3 2.697544
3 -16.514448
3 -26.532640
3 2.841170
3 3.419480
3 -15.251895
3 -10.300574
3 -13.404143
3 -9.873193
3 17.725973
3 13.674476
3 -16.399723
3 21.035254
3 1.080553
3 18.515293
3 11.592755
3 -6.638939
3 -7.342960
3 -25.269468
3 14.704841
3 13.014891
3 10.262877
3 2.235757
3 -6.373723
3 3.500724
3 37.551376
3 -11.792485
3 -8.073132
3 -11.872780
3 14.943446
3 -27.077520
3 -26.576880
3 -16.361734
3 -14.505202
3 11.142164
3 -19.755873
3 -11.352847
3 -13.599419
3 9.570042
3 19.538523
3 -10.067985
3 4.185968
3 -19.234301
3 12.080435
3 -18.205107
3 -13.176912
3 10.695331
3 2.914331
3 -14.831811
3 -28.555834
3 23.079748
3 2.978461
3 6.240878
3 -23.135393
3 -17.667463
3 3.243762
3 38.329327
3 20.710577
3 35.470894
3 -33.700062
3 21.782522
3 4.742891
3 5.472528
3 14.842669
3 12.131482
3 9.014458
3 24.772003
3 9.041474
3 -22.253942
3 -24.967657
3 12.795352
3 14.966311
3 3.413499
3 -20.235107
3 4.816870
3 3.442491
3 -18.318407
3 -18.677225
3 -29.667366
3 33.446869
3 16.884254
3 22.789347
3 4.902100
3 21.979448
3 32.260273
3 -6.289769
3 -7.419682
3 4.535419
3 -7.219500
3 -17.172163
3 7.197701
3 -15.270849
3 24.298815
3 -18.565277
3 2.641666
3 -24.279654
3 -18.800732
3 -20.457396
3 -23.612616
3 -23.909950
3 4.222329
3 2.827936
3 16.087029
3 14.845244
3 29.080219
3 4.608463
3 21.442923
3 2.666999
3 12.442267
3 2.010807
3 -23.767836
3 4.888741
3 -18.788368
3 -16.107027
3 18.291952
3 -4.137289
3 -24.893562
3 4.449394
3 15.187488
3 -20.860842
3 -13.124627
3 -23.103319
3 -0.993062
3 6.309955
3 11.660944
3 14.193454
3 -17.531073
3 -10.158900
3 -15.176808
3 -4.997940
3 5.405906
3 -7.514122
3 -7.206611
3 -7.958726
3 3.350963
3 -14.838349
3 -16.785906
3 -12.046778
3 3.114442
3 21.551531
3 -19.425259
3 14.012576
3 -21.162418
3 -2.514947
3 11.757000
3 13.120683
3 12.526605
3 -15.929000
3 -15.319983
3 -4.755237
3 4.967590
3 2.837152
3 -8.366496
3 -19.533648
3 2.050147
3 -8.063914
3 -22.478659
3 18.721045
3 12.583289
3 -22.032759
3 2.659930
3 -24.789064
3 -10.563338
3 11.816340
3 43.470909
3 28.898144
3 31.505579
3 -17.910791
3 8.978179
3 4.930416
3 -7.629582
3 1.916083
3 2.426954
3 -16.138708
3 -7.474117
3 -12.501191
3 16.758057
3 2.785088
3 -12.188233
3 -14.198548
3 9.204350
3 36.016930
3 2.644244
3 -25.982738
3 -19.245741
3 2.004010
3 -12.929172
3 -7.709018
3 4.226550
3 3.136436
3 10.062285
3 -13.686013
3 -13.830166
3 -17.170732
3 29.412710
3 -15.942334
3 2.317290
3 -21.366793
3 -19.125277
3 5.187402
3 8.498641
3 -20.378927
3 14.056525
3 -16.107735
3 -4.539657
3 -27.236559
3 -27.098660
3 -9.756438
3 -13.072404
3 -26.264891
3 -21.164810
3 2.440173
3 -0.295479
3 23.066774
3 -21.073690
3 -7.786776
3 23.721685
3 18.236097
3 9.453718
3 2.540080
3 6.240997
3 -18.563005
3 -7.439080
3 18.311148
3 -18.925465
3 10.453498
3 -15.721482
3 -16.191689
3 3.107453
3 25.820547
3 -11.857434
3 -10.131948
3 -4.318343
3 24.221010
3 -17.818193
3 13.608285
3 4.952445
3 35.641228
3 19.598186
3 -4.349555
3 -15.104298
3 -16.428797
3 -11.321168
3 19.341068
3 2.245918
3 -3.249226
3 3.608325
3 18.590151
3 52.601467
3 24.809790
3 28.753399
3 -20.266008
3 -26.465977
3 -23.634710
3 -14.889829
3 -8.702263
3 15.934320
3 -8.867208
3 14.177677
3 43.738503
3 7.128801
3 -25.240763
3 -29.513599
3 3.880658
3 9.116802
3 -5.145202
3 -3.285708
3 3.277313
3 19.210060
3 32.966068
3 -7.091964
3 -16.261368
3 -11.226914
3 -4.280326
3 -15.869002
3 -11.401976
3 -10.150216
3 -15.021435
3 23.125589
3 -12.629342
3 -8.070419
3 -21.424677
3 4.448998
3 35.155083
3 3.975698
3 -21.638773
3 -17.421963
3 5.096845
3 14.249057
3 9.125001
3 2.860827
3 -21.988398
3 -5.469359
3 12.291429
3 -22.405209
3 -7.420594
3 41.802532
3 -23.634310
3 -26.022974
3 18.098375
3 8.769963
3 -15.072771
3 -8.187648
3 12.429978
3 4.118968
3 -7.245152
3 10.424117
3 3.063463
3 -20.279009
3 -18.910730
3 -19.745523
3 -14.538300
3 33.434402
3 -24.555811
3 7.289864
3 -10.913739
3 10.113559
3 2.159082
3 19.421850
3 -6.450296
3 13.941936
3 -11.950245
3 -12.577933
3 26.057318
3 1.962378
3 21.212233
3 24.561197
3 3.969653
3 -10.602277
3 -30.131220
3 28.528580
3 28.341688
3 -22.355280
3 2.623275
3 15.372953
3 7.901249
3 6.066889
3 -11.355432
3 17.996868
3 11.666318
3 -24.018696
3 42.164917
3 -6.743337
3 5.907272
3 -11.855094
3 26.181780
3 -19.053099
3 3.204700
3 -8.134813
3 -1.528152
3 -2.656212
3 -21.867010
3 -8.742783
3 -9.020261
3 1.629517
3 9.643413
3 -21.592833
3 30.194578
3 -25.006098
3 1.832518
3 -20.006800
3 2.570649
3 19.734020
3 -24.739103
3 -3.654621
3 23.389463
3 6.596201
3 5.203303
3 -1.959145
3 -10.468934
3 37.343323
3 22.128502
3 6.523269
3 3.088853
3 33.438477
3 6.433079
3 5.486933
3 -17.261021
3 14.958210
3 -21.906836
3 12.594615
3 -23.727964
3 -0.021396
3 -4.414746
3 15.257632
3 33.320084
3 -18.853617
3 -13.178969
3 3.831334
3 2.073512
3 9.455132
3 9.448144
3 14.221242
3 2.360697
3 -10.873315
3 -23.663845
3 10.112933
3 28.305922
3 17.592379
3 8.848702
3 -4.548263
3 -5.800859
3 -18.820625
3 -15.488587
3 7.213469
3 25.891291
3 -19.239889
3 -2.712169
3 -30.805189
3 -21.629864
3 15.969092
3 0.579007
3 16.517748
3 -0.961197
3 1.979847
3 -31.669977
3 -13.230494
3 -13.720849
3 -11.892936
3 15.545148
3 1.502938
3 8.747960
3 -13.461637
3 20.360163
3 1.797553
3 37.229507
3 15.440276
3 2.490512
3 -15.128560
3 22.122091
3 2.938396
3 -18.698912
3 -12.467984
3 -18.701315
3 3.951416
3 -41.852722
3 -11.730533
3 13.572488
3 6.650626
3 -0.225537
3 1.469767
3 -9.296401
3 -5.439318
3 13.748406
3 -8.971007
3 2.923260
3 -7.367852
3 8.405522
3 20.702299
3 -12.124031
3 -12.781592
3 5.085045
3 1.279663
3 -29.685749
3 -34.343521
3 -19.255930
3 -16.633314
3 10.357762
3 8.328073
3 7.088651
3 -21.665573
3 11.094150
3 -7.024007
3 -14.937173
3 20.698526
3 -8.028703
3 16.563786
3 -10.293960
3 2.258101
3 19.203575
3 3.492516
3 -14.113426
3 -22.262045
3 10.759588
3 -25.087196
3 22.214293
3 -1.015599
3 -20.487614
3 8.347689
3 2.924121
3 -19.124617
3 30.908125
3 -24.343315
3 23.905062
3 -21.533712
3 -7.923084
3 -20.100943
3 -22.844723
3 32.840363
3 -22.631676
3 -6.886606
3 37.068512
3 3.898987
3 -11.703943
3 2.613777
3 -22.976725
3 19.072128
3 -25.613165
3 -20.483007
3 -7.136954
3 5.059013
3 -22.987940
3 9.479415
3 3.825798
3 2.880163
3 -19.797871
3 -24.106575
3 10.924382
3 -5.919095
3 10.761600
3 -14.530537
3 -11.824607
3 14.324473
3 3.260569
3 3.814443
3 14.351512
3 -15.535115
3 34.082306
3 17.645067
3 7.442213
