1 0.877537 -0.029824
1 4.007281 0.276955
1 3.115089 -5.943531
1 2.612205 -4.725560
1 2.975635 5.142783
1 2.126626 -4.084179
1 4.671474 0.111393
1 -5.537456 0.278311
1 -3.944518 0.965787
1 -2.757224 4.700406
1 -1.466174 3.540318
1 -6.091167 0.954361
1 2.248374 2.421705
1 2.951409 5.132623
1 5.314689 -0.205868
1 4.443649 0.308384
1 -6.024286 0.058906
1 -2.095358 3.866894
1 5.900175 0.112773
1 3.342774 5.881054
1 3.025526 1.639107
1 3.605191 6.702685
1 -7.211972 0.554762
1 2.964746 -5.346379
1 4.130771 0.030661
1 3.118675 -5.623743
1 -2.773241 4.380189
1 -2.633511 -4.481738
1 -2.504574 -3.844032
1 -5.794542 0.108675
1 5.342982 -0.163048
1 -2.543591 -0.943129
1 0.091118 -3.824662
1 2.894616 5.422457
1 3.241210 -5.936860
1 1.887884 -3.944556
1 -4.780270 0.357963
1 -1.554869 -3.979638
1 -5.626756 0.684364
1 -1.416223 2.055702
1 3.237229 5.713506
1 -0.116147 3.683023
1 3.073519 5.215394
1 3.481227 -0.347672
1 2.878617 -5.167757
1 2.989115 -5.387825
1 2.391556 -4.354127
1 1.794578 -0.241804
1 3.216821 -1.507614
1 3.108581 -5.652736
1 3.134465 5.565487
1 -2.433885 4.075308
1 -4.862811 0.828152
1 2.028026 -3.909020
1 2.875144 -5.505814
1 4.807981 -0.154410
1 2.717029 -4.971740
1 2.752793 4.832721
1 -3.484846 3.033435
1 -6.094606 0.784773
1 2.316313 -3.523072
1 0.022766 3.409662
1 -1.881192 3.344482
1 -2.567726 -4.739050
1 -2.449305 -3.826670
1 2.978096 5.384479
1 2.111646 3.045645
1 -3.544667 -1.469833
1 -5.451404 -0.161631
1 0.760563 -2.311783
1 5.542316 0.017955
1 2.163119 3.991017
1 -1.912140 -2.340878
1 3.116423 -5.728665
1 2.402511 -4.684930
1 -4.983166 -0.007979
1 2.554274 4.673022
1 -5.461941 0.545873
1 -2.656629 -4.609305
1 0.659811 -3.938282
1 1.083769 -3.386532
1 -3.457221 5.991326
1 2.214306 1.438261
1 -6.605605 1.271044
1 -2.832598 4.706242
1 0.745486 -2.566550
1 -0.521272 3.393876
1 -3.566688 2.346990
1 0.990894 -1.154513
1 2.992934 -2.343407
1 2.790689 5.116231
1 4.366625 -1.125576
1 -0.436085 -1.231425
1 -0.963016 -4.039904
1 -6.267818 0.395825
1 2.713789 4.704432
1 -6.264172 0.552428
1 2.692214 -4.770929
1 -0.514262 -2.435797
1 -3.118366 5.057512
1 4.704214 0.003785
1 2.239475 4.323211
1 -0.206246 -2.367934
1 4.284286 0.169267
1 -7.865873 1.111884
1 6.817791 0.672214
1 -2.251857 4.264138
1 2.258766 4.437275
1 -2.583318 -4.405026
1 0.416535 3.621768
1 2.134761 3.743856
1 3.183946 -5.692643
1 -7.181116 0.632412
1 -5.009497 1.076028
1 2.980956 5.324753
1 -3.723390 6.506427
1 2.565351 3.036152
1 1.116000 -3.758753
1 1.817218 3.651192
1 3.071161 5.441975
1 2.611971 3.223763
1 -0.718606 -1.360446
1 1.744747 3.964885
1 -5.103302 -0.098468
1 3.205938 5.535290
1 -2.095661 -3.485733
1 0.564879 -1.464009
1 -2.881371 -2.954859
1 -5.744971 0.279252
1 -3.742747 -0.464605
1 -5.985377 0.423800
1 1.059287 -4.092451
1 3.151335 -6.146798
1 -1.653316 -4.454205
1 2.544569 -4.757860
1 2.289191 3.914402
1 4.366866 0.102970
1 2.069250 3.568147
1 0.103172 0.958676
1 2.670538 5.152842
1 -6.901392 0.621887
1 4.168776 0.000105
1 -3.804828 1.139052
1 -2.703916 -4.858070
1 -2.374576 -2.782845
1 -6.045732 0.197922
1 3.536173 -5.992368
1 -8.582621 0.500906
1 3.068479 5.248422
1 -3.078093 5.147444
1 2.700504 -3.126792
1 0.345628 3.484786
1 -3.656709 2.728544
1 -1.950572 -3.665178
1 3.664202 0.000520
1 2.923897 5.187140
1 -2.294936 -3.806744
1 4.098023 0.643706
1 2.925406 0.021242
1 -2.991115 4.879786
1 -2.951129 5.563874
1 -3.208622 5.955348
1 -6.067001 0.017206
1 -2.715348 -4.868202
1 -3.102107 5.734711
1 -2.584941 3.872764
1 -5.493137 0.133098
1 -2.855319 -5.236197
1 3.216505 -1.587097
1 3.001858 -5.427674
1 -2.505287 -3.669905
1 -1.162859 -2.680320
1 4.233067 0.510245
1 3.808952 0.634621
1 2.723721 -2.369824
1 3.021711 -5.648295
1 -7.040132 0.944036
1 2.725772 -4.808245
1 3.213654 5.650434
1 -2.089517 3.062840
1 2.950460 -1.582964
1 -2.707257 -4.563385
1 3.236660 0.050774
1 -4.381500 0.765385
1 -2.541659 -4.373551
1 0.266750 3.414490
1 3.212548 5.764816
1 -8.598587 0.644091
1 -4.222783 1.748333
1 2.931030 -5.183363
1 3.068032 -5.596808
1 2.782118 -4.672131
1 2.827420 -4.872183
1 -3.187752 5.234394
1 0.284480 3.909306
1 2.006958 4.072255
1 2.395062 -4.230023
1 1.326871 3.583214
1 3.036511 5.494576
1 -4.514285 0.548617
1 -5.143466 0.038550
1 -4.171725 -0.565555
1 -6.094347 0.651630
1 2.483611 4.314162
1 8.839863 0.112225
1 1.611794 3.597939
1 -1.789331 -2.783015
1 -6.145937 0.219650
1 -4.790232 2.265002
1 1.895049 -3.967613
1 5.941292 -0.126605
1 2.963733 -0.472448
1 -5.751176 -0.002620
1 -2.626108 4.576182
1 -3.825111 -1.028905
1 -0.241628 2.329692
1 3.217875 -5.954113
1 0.562788 -0.716329
1 3.051354 -5.484347
1 -2.521434 -3.120265
1 3.108318 5.683630
1 2.551758 -4.771890
1 3.216394 -2.485963
1 5.338975 0.098043
1 1.910118 3.235127
1 -1.520108 -3.316525
1 -2.753771 4.344029
1 5.777205 -0.360093
1 2.190990 -3.624798
1 3.098158 -5.724323
1 2.257400 -4.400900
1 2.636199 -4.675782
1 -4.982328 0.106759
1 -2.246397 3.832471
1 -6.101606 0.057990
1 2.613489 4.624907
1 2.443920 4.225233
1 3.214487 -5.759251
1 -5.104948 0.136257
1 -0.570023 2.595819
1 2.419535 -4.709847
1 2.609690 2.099098
1 -2.550788 -4.690350
1 -3.181084 -2.014375
1 2.531466 -4.782563
1 1.901748 3.782267
1 3.804063 1.210781
1 2.219747 1.831565
1 2.970647 5.150967
1 2.110795 -2.332698
1 -2.599457 -4.228317
1 3.137462 -6.035987
1 -0.027508 3.718511
1 -3.291772 5.380755
1 1.745160 2.467460
1 3.038676 -5.457257
1 4.866171 0.109558
1 2.616422 -4.873259
1 2.213717 3.677543
1 -3.920760 -0.996653
1 3.677469 6.738751
1 4.114173 -1.447540
1 -5.240152 0.157613
1 -6.164939 0.557663
1 3.379447 -6.613136
1 -2.901186 4.992136
1 2.645915 1.807580
1 -2.401084 -3.983921
1 -6.408995 0.311909
1 1.415958 4.017680
1 3.056370 -3.017606
1 2.991565 -6.045598
1 2.107482 4.120492
1 -6.367973 0.567286
1 4.602881 0.318217
1 -2.042216 3.833998
1 0.696774 -2.797496
1 0.566350 0.879496
1 2.314586 -3.900654
1 -3.386327 -1.813554
1 2.440096 -4.771077
1 -3.717455 2.822838
1 5.003230 -0.154478
1 3.146106 -5.527927
1 -2.665270 -4.441477
1 2.426265 3.041469
1 2.424799 -4.262133
1 -2.126786 3.846155
1 -1.042367 -2.068284
1 4.739592 -1.005499
1 3.157003 -5.721812
1 -3.225425 -1.953867
1 -3.637108 2.319484
1 -3.390983 5.654572
1 6.796629 0.499749
1 -1.549372 -3.181288
1 2.424304 4.252377
1 -2.061987 0.219376
1 3.475010 -1.280664
1 2.447042 -4.471058
1 3.123729 -6.013007
1 3.237450 -5.649339
1 -2.364043 -4.092854
1 -8.763129 0.486364
1 2.952540 -5.389468
1 0.428336 3.650514
1 4.051359 -0.664614
1 -3.169630 5.490840
1 3.230479 -5.643994
1 -4.173330 -0.828168
1 -2.847632 4.599374
1 -5.245656 0.313753
1 4.255257 0.131911
1 3.946372 -0.232652
1 -2.245754 -3.762632
1 2.973019 -4.957830
1 -3.999309 2.152336
1 -4.438574 -0.241145
1 -1.816115 -3.903180
1 -5.415335 0.203589
1 -0.380695 3.285894
1 2.746122 5.161745
1 3.239001 5.741044
1 -1.624831 -3.527213
1 -2.032978 -2.631066
1 0.104034 1.706936
1 3.369564 -6.049083
1 3.096247 -5.269254
1 3.055989 -0.647524
1 2.626659 -5.028451
1 2.380982 4.925654
1 5.884732 0.336254
1 0.252195 -3.916762
1 2.436266 1.705496
1 4.057671 -0.146226
1 -0.261501 3.426498
1 -3.856631 -0.700812
1 2.835889 -4.824131
1 -5.350991 0.342131
1 -2.759095 -5.551239
1 1.772695 -1.869492
1 -1.764379 3.970725
1 3.071464 -5.747231
1 0.521724 -3.599056
1 -2.515552 4.247056
1 -3.065892 -1.174796
1 -3.599974 -1.281012
1 2.492563 -4.561985
1 4.615516 0.014656
1 1.683302 -2.713206
1 -3.323732 5.588993
1 2.344535 4.040354
1 -2.986889 4.787901
1 -2.090631 -4.128042
1 -3.173063 -0.598996
1 -6.185527 0.334102
1 -5.243775 0.285494
1 -4.631916 -0.388463
1 -5.463201 0.472411
1 -5.783926 0.172771
1 5.194055 -0.193706
1 -2.228156 -4.632192
1 3.231488 1.200999
1 -3.941171 6.708571
1 2.076512 -3.884717
1 -5.193819 0.064899
1 2.154751 -3.209068
1 -5.243054 0.115359
1 -2.983511 5.432191
1 -6.946537 0.925283
1 4.081001 -0.708498
1 4.431985 -0.154053
1 2.447743 -3.774288
1 3.315465 -0.471885
1 -2.643347 -4.457491
1 2.216298 3.793460
1 -2.894282 4.890490
1 -6.984445 0.239339
1 -3.288522 2.736491
1 -4.792387 -0.342316
1 -2.879154 4.709843
1 -2.673458 4.021727
1 -3.844404 1.943065
1 2.133063 -4.287632
1 3.985010 -0.047083
1 2.948926 5.007097
1 -2.878875 3.933832
1 -2.400017 -4.225928
1 -3.060612 5.046669
1 2.511423 4.593154
1 -6.993653 0.791542
1 3.333840 -5.642299
1 -6.208282 0.128754
1 2.315123 -2.738460
1 -6.602728 0.743222
1 -4.076074 -0.604876
1 -2.665957 4.695561
1 2.323904 3.293891
1 -5.697386 -0.050368
1 2.437510 4.819346
1 3.080360 -5.517529
1 -0.722950 -1.788380
1 -6.867743 0.627014
1 1.314386 3.847018
1 1.522832 3.860973
1 5.013014 -0.310605
1 -5.773975 0.331976
1 1.372601 -2.208309
1 2.956702 -5.257922
1 4.864063 0.146277
1 2.458338 4.151884
1 -2.874859 4.794610
1 -0.113967 3.050984
1 -3.602943 1.994036
1 1.979965 -3.991304
1 2.461295 -4.547961
1 -5.940419 -0.045344
1 -5.411477 0.175017
1 -2.561179 -5.582597
1 -2.420572 -3.969497
1 2.103042 -4.093724
1 2.538959 -4.559305
1 1.524594 -0.519770
1 4.622073 0.202048
1 2.358046 3.931279
1 -2.885506 4.896151
1 -3.029972 4.953167
1 4.229931 7.060072
1 4.227221 -0.693146
1 -4.415344 -0.235473
1 6.619047 0.189775
1 -2.229672 -3.988256
1 1.657733 -3.686596
1 2.610658 -4.654500
1 2.695542 -4.717179
1 -2.641566 3.895396
1 2.842960 -4.797821
1 -5.288567 -0.015031
1 -5.932817 0.133850
1 2.503961 4.347056
1 -7.838793 1.016723
1 2.913031 -5.671655
1 -3.807325 1.947066
1 -3.014235 5.076260
1 3.172280 5.726460
1 1.442393 3.983167
1 -2.686018 0.650016
1 2.341112 3.222064
1 1.442996 -1.495411
1 3.016750 -5.944591
1 -1.200734 3.797645
1 -3.775887 1.242718
1 -2.528336 3.686543
1 0.692153 -4.036226
1 2.132330 3.462959
1 -7.629075 0.193742
1 3.231153 -1.267930
1 3.674965 0.798213
1 3.373146 -6.269182
1 3.517487 6.775010
1 1.945871 3.946855
1 -8.076760 0.351702
1 -5.542543 0.542074
1 -5.634566 0.450325
1 -7.291991 0.601393
1 -5.773224 0.170083
1 -2.232634 -3.968346
1 1.776139 -3.764988
1 1.552432 3.651020
1 -3.941305 3.499892
1 1.979391 -3.830399
1 -6.103962 0.272635
1 -3.654466 1.947520
1 -4.627649 -0.245386
1 0.933738 -3.920199
1 2.174743 3.775708
1 -0.534077 3.221647
1 -6.356082 0.098526
1 3.151282 -5.593955
1 -6.989130 0.191135
1 2.532924 4.809222
1 0.521459 3.802906
1 -0.213648 -3.547320
1 -4.834715 0.394329
1 2.988681 -2.552120
1 -5.448452 -0.012718
1 -2.591371 -4.682959
1 2.347239 4.371848
1 -2.046257 4.112656
1 0.531340 -3.378805
1 6.199397 0.296585
1 -0.622492 -4.153416
1 4.862689 0.228077
1 -2.915751 5.447435
1 4.991704 -0.081316
1 2.169191 4.003894
1 -6.456244 0.594875
1 2.837274 5.052114
1 -3.143037 -1.995203
1 -2.495947 -4.450712
1 4.804458 -0.012236
1 4.090870 0.709693
1 -2.688251 4.319195
1 2.123733 -3.775397
1 1.302405 -4.040013
1 2.730820 -4.790903
1 1.994989 3.873497
1 2.888883 2.337294
1 0.354530 -0.859428
1 3.089345 5.423910
1 -1.361369 3.664428
1 4.806724 -0.365778
1 -1.838144 -3.910040
1 -0.382925 -3.820006
1 -2.324855 -2.510127
1 -1.062991 -3.560413
1 4.718603 -0.510457
1 2.435533 -4.886552
1 0.976348 -3.995083
1 -4.555070 0.097297
1 1.858494 3.860076
1 -5.230173 0.112045
1 -4.784727 0.142152
1 3.550125 0.279791
1 -0.534325 -1.247142
1 -2.329767 -0.882898
1 -1.390268 -3.843477
1 2.601068 -4.730331
1 1.867427 -3.729838
1 2.401334 -4.573410
1 1.783053 -4.336855
1 -3.762431 -0.459752
1 -8.431795 0.562304
1 2.203836 3.973421
1 2.644740 -4.531389
1 1.502269 3.433853
1 3.094482 -2.497197
1 2.942985 -5.380301
1 3.046852 -5.286892
1 -5.057497 0.170576
1 2.605170 -4.625745
1 -2.014380 -3.654927
1 1.494197 3.910464
1 2.249275 -4.000104
1 -3.143510 2.177059
1 2.154994 4.727354
1 -1.812472 -3.454022
1 -3.880630 -0.495156
1 -5.939439 0.439248
1 -3.083511 3.335865
1 1.853415 -3.985707
1 -7.891783 0.705050
1 -5.176238 -0.027910
1 -6.623067 0.425670
1 -2.372727 -4.505885
1 3.370895 -6.182779
1 -7.007269 0.279593
1 -2.498804 -4.415232
1 -1.684613 -3.897736
1 -2.769325 -5.479553
1 -6.094827 0.590543
1 -4.209471 0.645475
1 -4.373545 1.961022
1 -2.754338 -5.885468
1 2.628869 -4.806367
1 2.817745 -5.070156
1 -6.510506 0.912533
1 4.421851 -0.290738
1 0.305149 1.530225
1 -6.490303 0.631922
1 0.461748 -2.535465
1 5.866996 -0.729849
1 -2.228310 -0.224057
1 2.246923 2.271901
1 2.598418 -3.573804
1 3.797531 -0.004590
1 2.325194 4.638993
1 5.433115 0.148571
1 -4.072389 -0.482918
1 -0.082150 -1.692363
1 -0.851875 -2.518916
1 -2.458451 -1.776192
1 1.104046 -3.573306
1 -3.242162 5.207026
1 -6.662538 0.575454
1 -3.269261 5.656924
1 -3.053223 3.490363
1 -5.629659 0.185795
1 2.500839 -4.743438
1 2.246979 4.479002
1 -2.730546 4.882458
1 2.284404 4.351729
1 6.099347 -0.410202
1 -5.982074 0.354399
1 -1.397378 -3.649523
1 -1.141923 -2.106591
1 1.752547 -3.964587
1 -2.663716 4.524951
1 4.929969 -0.009758
1 -7.681712 0.387997
1 -5.373327 0.439059
1 -2.352135 -4.468689
1 -5.593924 0.097951
1 -3.805091 -0.798154
1 -5.456937 -0.090366
1 1.919966 -4.107338
1 2.498646 -4.540204
1 -3.868370 2.305493
1 -1.747960 -3.876351
1 -0.332652 -3.204425
1 2.644641 -4.842707
1 2.353475 -3.469587
1 -2.732617 3.715590
1 2.041564 4.035234
1 3.015478 -5.899811
1 -3.851560 -0.782048
1 -3.717065 3.019606
1 -7.459417 0.566163
1 5.573168 -0.118575
1 -4.174513 -0.308961
1 2.061707 4.882379
1 5.479280 -0.050640
1 4.211502 6.984190
1 3.286615 -6.259541
1 5.116719 -0.201673
1 -5.800310 0.287917
1 1.762487 -3.945370
1 -1.772776 -3.598819
1 2.603357 4.729576
1 3.202999 -0.742759
1 -3.756781 -0.675455
1 -2.664533 4.419863
1 1.748755 2.036963
1 2.591615 -4.922071
1 -6.155719 0.887203
1 2.591691 4.726283
1 -1.658907 -2.809214
1 -0.925680 3.539280
1 -1.247175 -2.222668
1 -1.031777 3.764996
1 1.986072 4.067061
1 -0.287533 0.802987
1 -7.300710 0.300484
1 5.293730 -0.359510
1 2.643452 -5.283944
1 -2.719160 -5.856012
1 5.096380 -0.065272
1 -5.531415 0.368148
1 -7.480113 0.076186
1 2.942618 5.255993
1 -2.775063 3.876158
1 3.019353 1.294626
1 -2.834009 5.080012
1 5.649784 -0.750825
1 -3.275233 -0.303382
1 1.949998 3.800110
1 5.007961 -0.137807
1 -4.025673 1.142874
1 2.863819 5.157048
1 2.992435 5.472849
1 -3.104768 5.515409
1 2.558493 -4.735039
1 -0.933888 -2.030812
1 -2.837739 5.199468
1 2.322653 2.597661
1 2.581260 -4.808894
1 4.076651 -0.378223
1 2.458100 5.154150
1 2.479640 -4.932546
1 2.424566 2.827650
1 -6.742788 0.682144
1 1.266855 4.102911
1 2.460796 -4.667954
1 2.611756 4.795440
1 1.648087 4.003951
1 2.576061 2.328252
1 -5.897805 0.426806
1 4.007835 -0.112661
1 2.545044 -4.780565
1 -7.145172 0.690179
1 -1.423708 3.636716
1 4.407806 -0.105358
1 3.401898 -5.860893
1 -3.226929 5.317178
1 -1.335899 3.648007
1 2.655898 1.994836
1 1.888617 -3.843728
1 0.720604 0.960809
1 1.040386 2.566290
1 -0.209396 -3.790302
1 -4.090193 -0.796763
1 2.481136 2.822114
1 -2.185248 -0.062418
1 5.954460 -0.508610
1 -2.752911 4.515758
1 1.178940 -3.841893
1 -2.694424 -3.506728
1 2.631435 4.577006
1 3.152797 -5.616114
1 -3.101886 -5.332579
1 -2.804857 5.088950
1 -3.332087 6.038451
1 2.332108 4.114543
1 4.795373 -0.026603
1 1.941395 3.965761
1 2.856886 5.133776
1 2.801771 -1.163815
1 2.039411 2.019535
1 0.710946 3.958190
1 -0.929026 -3.829805
1 3.222891 -6.040436
1 -2.217312 1.979599
1 -8.992777 0.533496
1 1.599547 -1.076891
1 2.680085 -4.922437
1 1.595770 -1.853504
1 6.491642 0.041585
1 2.111645 4.187061
1 3.089386 -2.845834
1 4.596491 -0.319340
1 -2.577711 -5.061647
1 -6.025113 0.399811
1 2.368738 3.407408
1 -2.351399 3.954446
1 -1.599645 -3.093095
1 2.478190 4.501538
1 1.958671 -1.780358
1 1.864329 4.746112
1 -2.518285 4.638025
1 4.239587 -0.761405
1 4.220689 -0.319723
1 2.543199 -5.000171
1 -4.994503 0.248471
1 5.037769 -0.063325
1 -0.729056 3.875323
1 2.717202 4.888580
1 -2.845132 4.859268
1 -0.090046 -3.409840
1 2.570467 4.581351
1 2.187961 0.347343
1 2.938984 -5.222071
1 3.868698 0.166689
1 2.446779 -4.182840
1 3.023531 5.566118
1 2.345326 -4.271426
1 2.871925 5.305067
1 -2.856692 4.852593
1 7.454015 1.015415
1 2.125506 -1.119316
1 -6.741504 0.350609
1 -7.622336 0.995094
1 2.876299 1.838921
1 0.180434 -4.180066
1 3.311605 -6.251323
1 -1.041059 3.719806
1 2.692363 1.786435
1 -2.669777 4.580174
1 -6.394172 0.039972
1 -1.909593 -2.727643
1 2.918292 5.713612
1 1.575617 3.000868
1 2.196239 4.008623
1 -0.123215 -4.033335
1 1.592242 0.627562
1 -5.152000 0.773281
1 2.650112 5.743721
1 -6.463989 0.712802
1 -7.553488 0.417314
1 3.031195 5.814317
1 -3.683296 -0.763703
1 -2.888344 -1.044292
1 -3.178199 -0.895260
1 -2.118260 -3.660063
1 -2.605202 -3.004815
1 3.316384 -6.794746
1 2.511234 1.958446
1 3.199496 -5.786298
1 -2.885731 4.898906
1 -2.443583 4.308097
1 2.812517 5.442239
1 1.721931 2.937575
1 -4.722168 0.102682
1 4.999297 -0.553500
1 5.652345 -0.217654
1 -3.301464 0.313693
1 -5.836639 0.380162
1 -6.574097 0.514371
1 2.690767 4.809607
1 2.385434 4.069525
1 2.183482 4.145554
1 2.852730 -5.582523
1 2.826443 1.593370
1 2.999457 5.726936
1 4.127936 -1.305800
1 -1.845006 3.114862
1 -5.313019 0.297576
1 -6.137933 0.207251
1 -3.377182 3.335918
1 -3.550730 6.205276
1 3.612377 -0.780350
1 -2.551076 -4.719381
1 -3.155697 5.464401
1 0.159860 2.686727
1 2.379799 4.831258
1 -0.101478 4.170582
1 1.114696 3.966141
1 1.807732 -3.529058
1 -5.101684 1.370869
1 -6.474094 -0.068003
1 2.517996 4.705375
1 -3.329095 -1.607314
1 -4.871391 0.034878
1 -4.625368 -0.147649
1 1.313861 -3.741411
1 2.912624 -5.807438
1 -6.731638 0.161169
1 8.370003 0.353436
1 2.249074 4.018481
1 -6.107609 0.264997
1 0.125510 -3.568995
1 2.351933 -4.469934
1 2.898393 5.792008
1 2.521829 4.963940
1 2.954459 -5.468084
1 -0.514743 0.727054
1 -5.524016 -0.065801
1 -2.343302 -3.793154
1 3.013309 5.520532
1 1.392284 3.229720
1 -8.314552 1.121867
1 3.341888 -6.773533
1 -3.860687 0.852576
1 5.809811 -0.935397
1 3.311832 -1.039915
1 5.426678 -0.510354
1 2.894022 5.612910
1 5.794466 -0.661930
1 1.954388 -4.090651
1 2.923580 -5.187737
1 -2.779629 4.678079
1 -2.999743 5.691793
1 -2.557885 -4.980337
1 2.373502 -4.338337
1 -6.456970 0.494419
1 2.597752 -5.237220
1 2.114257 4.111649
1 3.349940 -5.977937
1 -3.169643 -2.168742
1 2.013144 2.470306
1 -3.377451 3.285464
1 2.194582 4.581349
1 -6.393580 -0.085212
1 -5.625418 0.169855
1 -0.052194 -2.086344
1 3.314910 -5.923242
1 -5.421224 0.410191
1 -2.356579 -4.295867
1 0.595316 3.084460
1 2.531698 -4.769780
1 -2.905560 4.902650
1 -4.256716 1.545059
1 8.763551 0.234185
1 -0.994197 3.545581
1 2.600853 4.753178
1 3.152760 -5.473212
1 2.767584 4.853312
1 -4.175898 0.510635
1 -2.376658 -4.639328
1 3.150128 -6.385942
1 2.522412 1.965355
1 1.326719 1.086850
1 4.345880 -0.379167
1 6.629551 -1.058174
1 2.334497 -4.046374
1 1.935003 -3.788998
1 -2.969086 4.469979
1 2.135162 3.658827
1 1.047486 -4.181583
1 -4.984659 0.029721
1 -4.960398 0.031771
1 -4.507873 0.841527
1 -5.859026 0.323651
1 4.273941 -1.458020
1 2.814479 -3.086864
1 -0.789181 -3.755883
1 -5.922959 0.137869
1 -5.475288 0.214131
1 3.834248 -1.475598
1 3.001818 -2.605263
1 0.778645 3.587053
1 -3.883161 -1.150591
1 2.510167 4.401747
1 2.493086 2.606831
1 2.279217 3.409252
1 -5.986667 0.482239
1 4.550188 -0.052171
1 -4.669281 0.063854
1 2.841297 5.643238
1 6.117218 -0.422869
1 4.384767 -2.002916
1 -6.171851 0.010797
1 -4.924251 0.417876
1 -0.170800 -3.191082
1 0.309781 2.939880
1 3.310571 -6.009423
1 -2.826727 0.249006
1 3.340617 -6.975931
1 1.516093 3.928207
1 -2.864932 4.657039
1 -1.117447 3.654773
1 -5.717715 0.116976
1 2.393822 2.203603
1 2.274950 4.857569
1 -1.918998 3.924621
1 5.229071 0.087186
1 3.299698 -6.108333
1 -5.912323 0.226069
1 -5.916770 0.254057
1 -2.642433 -2.557539
1 3.692146 6.109037
1 -6.354007 0.483196
1 -5.839332 0.107485
1 -3.053744 -5.328567
1 0.097726 3.544481
1 -5.264882 0.163042
1 -3.260598 5.404467
1 2.891056 1.659963
1 -5.561815 -0.054560
1 6.061718 0.176618
1 3.201528 0.952050
1 1.989401 -0.847202
1 5.383258 -0.311369
1 4.414350 0.057397
1 2.381478 -4.014662
1 -3.806726 2.885170
1 -1.797489 3.853018
1 2.064907 3.437198
1 0.804439 0.359600
1 -2.552432 4.289906
1 -1.964867 2.908892
1 3.318681 -5.635203
1 2.617583 -3.881105
1 -2.116247 -3.651345
1 5.018881 -0.752498
1 2.391329 4.807459
1 -2.865254 -1.049014
1 -3.094802 5.545055
1 2.928817 -5.161022
1 3.249896 -6.046085
1 4.403139 -3.350353
1 -3.800570 -1.008080
1 -6.673587 0.828125
1 2.821373 -3.151453
1 2.407504 4.275505
1 4.956139 0.665957
1 2.790491 -5.102000
1 -3.061397 -1.948688
1 2.794556 5.291933
1 -4.146723 1.491738
1 3.115182 1.520216
1 -4.814639 2.165843
1 4.802667 -0.381400
1 -1.455992 3.847325
1 5.855502 -0.420173
1 0.940019 3.959827
1 6.395086 0.117257
1 -2.416623 -4.478320
1 -3.218445 5.190972
1 -3.648088 2.677934
1 2.638691 -3.442336
1 0.441383 -2.639865
1 3.045527 5.552324
1 2.019365 3.860368
1 -2.904396 -2.197112
1 -0.391836 -3.294643
1 3.228056 -6.282602
1 -4.423614 -0.179777
1 7.054955 0.778874
1 4.260506 -7.086126
1 -2.607763 4.527092
1 4.388129 -7.111393
1 -2.902326 -5.212752
1 -6.589761 0.404081
1 -2.291066 -3.770847
1 2.636513 -4.849837
1 4.088778 -0.870906
1 -3.520013 6.015051
1 -2.660227 4.787546
1 -4.676125 -0.036104
1 2.995869 -5.203355
1 -3.975789 2.107197
1 -7.658335 0.092198
1 3.956852 -0.190873
1 3.050380 -5.656788
1 -2.691288 4.592086
1 3.840455 0.363651
1 -3.998846 1.970380
1 -8.022161 0.268718
1 2.787257 -5.027533
1 -2.106552 -3.759107
1 -0.990638 1.459505
1 -1.776908 -4.030898
1 2.482045 -4.507884
1 -4.427151 0.581597
1 -2.466259 -4.769920
1 -6.547819 0.179069
1 1.870918 3.594236
1 -2.699715 4.402995
1 3.074935 -0.107679
1 3.257368 -2.035192
1 -3.375663 3.050571
1 3.608477 6.772127
1 2.489870 -4.348131
1 -6.065869 0.435652
1 -7.237761 0.010032
1 -0.654761 -2.245484
1 3.239605 -5.940718
1 2.405534 -4.452626
1 1.909979 3.402515
1 1.855744 -2.585455
1 1.746109 -3.873894
1 -2.689795 4.393364
1 -1.867816 3.906761
1 5.460783 -0.589481
1 2.391501 -4.320105
1 -4.759104 0.968983
1 0.229902 1.281804
1 -2.739521 4.666056
1 2.395765 -4.564491
1 -2.084754 3.880938
1 -2.804031 -4.839694
1 4.696337 0.072302
1 -2.930641 4.753238
1 3.230208 1.494965
1 4.157593 -0.078580
1 -2.085978 -1.545941
1 -2.734907 -4.849231
1 -2.818578 -2.690665
1 -6.188217 -0.045778
1 -6.989741 0.948411
1 -6.662769 0.480651
1 2.360793 4.860376
1 4.475276 -0.303404
1 -4.809424 1.731700
1 -4.979799 1.120494
1 5.059511 -0.267427
1 2.418717 -3.146369
1 -5.220776 0.318563
1 0.851956 -4.131403
1 -3.086695 5.485004
1 5.181868 0.004802
1 3.135559 5.750612
1 -1.468805 -1.855056
1 -3.785982 -1.319593
1 -4.132092 1.603197
1 2.449404 -4.668648
1 -2.879573 4.638343
1 3.040533 -5.586453
1 2.353986 2.627119
1 3.171978 5.681086
1 2.420459 2.507014
1 3.147110 -5.468246
1 2.880901 -5.106945
1 4.013342 0.076561
1 2.536966 2.428249
1 1.353261 -3.896487
1 3.819551 0.705733
1 -7.390006 0.159027
1 4.533176 -0.162930
1 -1.978223 -3.206294
1 2.503162 0.892232
1 2.555692 4.778770
1 -0.932403 3.893701
1 -3.232575 -6.122283
1 2.900124 -5.684590
1 -2.359472 -4.276077
1 1.304808 -3.576174
1 -4.023884 -0.636780
1 2.584311 -2.886630
1 3.560624 -0.903857
1 0.169833 3.719113
1 3.493941 1.450841
1 3.048866 5.898396
1 2.244888 4.431650
1 -6.568881 0.615809
1 2.708733 5.026848
1 2.667461 -5.192890
1 0.592087 3.086217
1 -6.570825 0.181857
1 -2.766582 4.346832
1 -3.178460 5.383548
1 0.808943 -3.025741
1 -4.743151 -0.143066
1 -2.880207 5.113370
1 -6.541040 0.365037
1 2.233913 4.037124
1 2.549599 5.302989
1 2.668783 4.972003
1 -5.706621 0.079284
1 -4.106143 -1.147413
1 -6.053714 0.149080
1 -2.575653 3.947332
1 2.514689 -5.037564
1 2.059337 -3.971872
1 -5.664007 0.206061
1 4.060524 0.547518
1 -6.991703 0.264111
1 3.953307 -6.433169
1 -3.232417 5.206284
1 5.569852 -0.223175
1 2.538062 4.680408
1 1.030257 3.904424
1 -7.099325 0.596276
1 -8.037002 0.632311
1 3.486243 -1.222211
1 2.515358 2.597902
1 2.761743 -4.929573
1 5.125661 -0.188649
1 2.683874 -5.019261
1 2.374092 4.189278
1 -3.018253 -2.553390
1 -5.881476 0.131748
1 -0.121745 -3.776552
1 -0.857970 -2.129035
1 -4.340861 -0.414645
1 3.724193 -1.086748
1 -5.002778 -0.126073
1 -4.404087 1.918416
1 -4.452159 -0.306628
1 1.414363 -0.572883
1 1.648087 -4.047023
1 3.309628 -5.736928
1 2.602341 4.917907
1 -5.265069 -0.044237
1 0.965207 3.497199
1 4.851069 -0.160867
1 1.320457 3.926651
1 2.019533 -3.961084
1 -5.505783 0.094237
1 2.645243 -4.670735
1 3.020566 -5.959360
1 -2.009357 3.832678
1 2.704402 -4.957573
1 -6.950047 0.543876
1 3.359307 -5.703795
1 -6.233449 0.309483
1 -7.446619 0.604880
1 2.731956 5.070297
1 1.262802 -1.807945
1 -2.738894 -4.924822
1 -5.784731 0.319922
1 -3.052279 5.064027
1 2.355826 -2.985250
1 -2.436175 -4.051485
1 2.622992 -5.087008
1 3.253418 5.465117
1 2.187048 -3.619208
1 -5.138101 0.123579
1 -4.655805 0.309886
1 2.414265 -3.293140
1 -3.960940 2.033191
1 -0.264697 2.185531
1 3.120479 -5.604853
1 -3.308202 5.163178
1 -2.896934 -5.800915
1 3.156530 -5.634600
1 -9.142618 0.576582
1 1.963543 3.880232
1 -0.953371 -2.746086
1 2.537697 -4.731918
1 2.688175 -5.074825
1 3.159353 0.883241
1 2.710872 4.980688
1 -2.689345 -5.229253
1 -2.264745 -4.791464
1 4.070947 -0.275752
1 -8.708543 0.972802
1 2.535481 -4.153047
1 3.462828 5.843094
1 -2.545344 -4.032917
1 -3.739693 1.325448
1 3.151865 5.474036
1 4.804570 -0.122931
1 2.250388 -4.530820
1 2.634910 4.615859
1 1.680002 2.896131
1 2.630683 4.905760
1 1.708750 -4.529822
1 2.721744 4.956564
1 2.557179 4.534429
1 -8.049946 0.368968
1 1.887034 3.399818
1 6.820477 -0.261477
1 1.523467 -0.759663
1 -6.570066 0.791782
1 3.148248 -5.516963
1 -3.055681 5.320106
1 -2.847687 -5.254774
1 -3.632179 -1.559766
1 4.579059 -0.080024
1 2.106761 4.275536
1 3.627418 -0.661990
1 5.803344 -0.527553
1 3.163353 -6.866592
1 2.618891 -4.467895
1 3.443554 -1.803637
1 -6.312078 0.414019
1 -4.314713 1.494825
1 -6.318653 0.285760
1 -0.485494 1.086606
1 -5.383154 0.025330
1 3.054108 -5.577569
1 2.964037 -4.864833
1 0.609134 -1.117950
1 -5.077271 -0.200094
1 -0.950111 3.769583
1 -2.954458 3.864174
1 1.899935 3.876116
1 2.380681 -0.925052
1 3.148120 -5.964561
1 4.602326 -0.288175
1 -6.445587 0.008663
1 -3.182571 4.988791
1 3.032976 5.943148
1 2.155155 4.290608
1 -0.535227 -3.891032
1 -0.280715 -2.293093
1 5.054527 0.239233
1 3.077817 -5.662803
1 2.881652 -5.254040
1 -4.671698 1.035085
1 -2.929572 4.575915
1 2.848033 5.025199
1 -7.256123 0.684039
1 -1.831155 -3.606021
1 -2.795966 -4.777336
1 3.288827 0.941752
1 1.758545 -2.447009
1 3.684667 -6.060215
1 1.250737 3.891817
1 -6.430746 0.172903
1 0.639567 -1.407709
1 3.132759 -5.620199
1 3.194211 5.717304
1 2.338648 -4.789123
1 0.012959 3.726264
1 2.838141 -5.223063
1 -2.821701 4.803165
1 3.150037 -5.358126
1 2.920800 5.292041
1 -4.878380 0.086771
1 2.188703 -0.888277
1 1.863820 2.590428
1 4.029315 0.861189
1 4.763031 -0.023260
1 4.625722 -0.070361
1 -2.732543 4.849341
1 2.870078 -5.103733
1 1.873139 3.807721
1 1.952099 -3.850130
1 -4.979733 0.057301
1 2.882827 -5.116636
1 3.128078 5.645159
1 3.228469 5.897410
1 -6.136911 0.424824
1 2.605402 5.040797
1 -0.144797 -3.873836
1 2.647379 -4.704327
1 1.850312 3.945643
1 3.006405 -6.057955
1 2.311313 -4.197272
1 4.823294 -0.054414
1 -2.943914 -2.075668
1 -5.881972 0.251366
1 -4.724024 2.450577
1 -6.683248 0.423228
1 -7.967574 0.636695
1 3.646285 6.374838
1 2.501377 4.811260
1 1.777228 -0.456135
1 3.592047 1.026843
1 -5.026865 0.014807
1 3.894442 -0.145428
1 2.771363 2.439793
1 2.361588 4.276435
1 2.993258 1.826973
1 2.474743 -4.040539
1 -4.866622 0.666134
1 -6.031799 0.352530
1 -4.207210 1.581253
1 -4.227310 -0.669398
1 -7.449953 0.938807
1 -2.886508 3.639738
1 -5.990586 0.310346
1 6.132336 0.066191
1 2.020172 3.976877
1 2.982954 -6.042344
1 2.639583 5.783112
1 3.214958 5.921754
1 -1.898058 -2.731605
1 -2.036821 -3.077987
1 -3.982736 -1.264450
1 1.879474 3.958081
1 2.475495 4.565266
1 2.251554 4.610165
1 3.113987 -5.724998
1 4.074431 0.258807
1 -2.647044 4.260526
1 -4.757812 0.791655
1 1.956391 -3.607079
1 -7.182616 0.757200
1 -3.203932 -5.643264
1 4.660878 -0.083951
1 -1.361354 3.636633
1 3.624598 -1.129099
1 -6.072463 0.269560
1 2.711206 4.750828
1 3.055584 -5.551732
1 -2.606655 -4.965757
1 -2.641944 4.527191
1 1.745420 3.877903
1 -2.864403 5.118906
1 3.991744 -0.195198
1 1.952614 3.876440
1 -2.803264 4.959829
1 -1.763164 -3.060792
1 5.988434 -0.096994
1 3.182568 5.766289
1 3.242474 1.137640
1 -4.930639 0.124568
1 -5.754179 0.105567
1 2.422561 4.853272
1 -5.711649 0.022185
1 -2.872628 4.241040
1 2.410801 -4.490791
1 2.731060 5.356662
1 -5.771668 0.045812
1 3.056058 -5.652364
1 -4.829374 0.872040
1 2.242860 3.839666
1 2.223298 3.777148
1 -6.931175 0.518628
1 2.362202 -3.895785
1 1.793171 0.816127
1 2.707066 -5.269248
1 2.968682 -5.486990
1 -4.806324 0.515764
1 2.343416 -4.161385
1 -6.438616 0.341755
1 2.338205 2.987298
1 2.449351 4.743329
1 2.327257 3.153899
1 -5.440022 0.316574
1 -0.924581 3.312324
1 0.416492 2.510180
1 2.305440 4.350474
1 -3.239084 5.246324
1 -6.565380 0.505469
1 -6.247942 0.179850
1 4.452642 -0.074677
1 3.766519 0.642484
1 0.290007 -3.673224
1 4.805292 -0.024881
1 2.503267 4.772170
1 2.762695 -5.375464
1 2.962478 -5.093936
1 2.867908 -5.552872
1 3.381392 1.452130
1 -3.192875 2.761964
1 -7.565511 1.060212
1 -6.195507 0.233390
1 2.890885 -3.470415
1 2.456315 4.252355
1 -6.596395 0.803624
1 -3.760658 -1.207124
1 3.104074 -5.621943
1 3.363980 -1.823034
1 3.209698 -5.636452
1 -2.284959 -4.382239
1 2.700532 5.325788
1 -5.510797 0.227895
1 -1.493914 -3.456536
1 -6.005424 0.357536
1 2.684310 5.234959
1 -4.033520 3.027919
1 -3.670998 0.658618
1 -3.161135 5.162169
1 -3.182781 2.817995
1 2.531074 4.617927
1 2.973981 5.264010
1 -4.885988 0.094932
1 -3.944678 1.359211
1 -6.104273 0.785967
1 -2.171044 -3.511261
1 -1.171915 3.501032
1 2.837216 -5.310484
1 -1.181863 3.489186
1 2.249274 -3.809273
1 -2.380060 -3.739635
1 -3.501531 6.038824
1 -5.778839 0.957898
1 0.149726 3.157229
1 2.806021 -5.104712
1 -2.773375 -1.937491
1 2.406064 -3.490891
1 -1.333661 2.741146
1 2.134695 -4.022669
1 5.527857 -0.112478
1 4.966378 -0.042010
1 -3.024203 3.434009
1 2.961752 -5.642891
1 -0.036557 -3.860161
1 -3.140610 -5.317038
1 -3.105264 -6.043956
1 2.959635 5.329377
1 2.189061 -3.987446
1 -3.984174 2.628556
1 -1.234389 3.878196
1 -3.370810 5.691868
1 2.916609 -5.208603
1 -5.105270 0.161402
1 3.075703 5.660038
1 4.775172 0.033646
1 -3.769508 2.715694
1 2.966036 -5.003364
1 -1.105679 3.787138
1 4.253421 0.108242
1 -1.354994 3.438282
1 2.395552 1.469122
1 3.498113 -1.092997
1 -1.760524 -3.519374
1 2.914491 5.149638
1 -1.929807 3.777762
1 -3.259722 5.470314
1 3.336303 1.735981
1 -7.219161 0.201219
1 -7.569715 0.416116
1 2.627101 4.736425
1 -5.385525 0.149628
1 1.402664 3.135432
1 -4.689669 -0.198709
1 -2.717319 -2.855857
1 1.394813 -3.350900
1 2.981727 5.416327
1 1.587810 -3.211236
1 5.352057 -0.060690
1 2.971433 -5.429406
1 2.814862 5.071162
1 4.541388 -1.593288
1 -3.252405 5.654671
1 3.183758 -5.873518
1 4.048778 0.386158
1 -4.074096 -1.107533
1 2.787672 -5.379176
1 -2.945966 4.818130
1 -2.771291 3.726009
1 5.418175 1.478674
1 2.386304 4.168875
1 -5.477984 0.135224
1 -1.119784 -1.675929
1 -7.862034 0.755101
1 -0.687958 -3.875495
1 -3.118132 -2.303186
1 1.310225 3.825308
1 1.671170 1.965309
1 3.714549 0.972054
1 3.524261 0.701849
1 2.899180 4.992751
1 2.107270 1.737041
1 -2.649336 -4.573874
1 4.709899 7.529639
1 1.842100 3.945595
1 -2.733637 -4.608623
1 0.896516 0.299274
1 1.716206 2.100930
1 2.617809 -4.952768
1 3.094818 -5.655318
1 3.417646 -0.172662
1 3.093793 5.599164
1 -4.549171 -0.413620
1 2.522466 -3.666562
1 4.553598 0.012841
1 5.704644 -0.274032
1 -6.268031 0.515795
1 -3.512087 -1.936739
1 2.415538 -2.729802
1 -2.305614 -3.491937
1 2.324552 -3.432783
1 -3.565591 -6.195794
1 2.339235 -4.309311
1 2.421135 -4.433516
1 3.268376 -5.852870
1 -5.991410 0.048739
1 -3.135666 4.855929
1 2.662478 5.405802
1 -4.934759 -0.084731
1 1.961578 2.876111
1 2.186086 -4.057663
1 2.401822 -4.286127
1 1.444396 3.352628
1 2.893698 -5.609920
1 -2.509044 -4.316662
1 1.628383 -3.507668
1 2.998281 -5.534830
1 -2.954440 -5.071634
1 -2.531898 4.178560
1 0.495851 3.790783
1 2.864421 -5.270618
1 -3.671553 -1.290841
1 -2.995075 -5.314424
1 1.842844 3.448393
1 5.791293 -0.367768
1 -4.120537 2.135244
1 -0.576712 2.550464
1 0.828392 -3.960074
1 0.486752 2.244452
1 -4.763710 0.582443
1 2.250180 4.338044
1 -5.768879 0.302318
1 1.268478 -2.988921
1 2.798797 2.005764
1 1.113693 -0.701516
1 -2.598602 4.462153
1 -6.857093 0.271394
1 -0.887038 -3.981434
1 3.057795 -5.328016
1 -5.322142 0.110374
1 3.509600 0.647393
1 -3.787499 -1.246977
1 4.110755 6.659660
1 2.903049 -5.291941
1 3.000420 -5.429020
1 -5.920846 0.568382
1 3.073917 -5.429630
1 2.783370 -5.469551
1 3.441878 -0.774534
2 0.500390 -2.187883
2 -2.902130 -4.955142
2 -2.349669 3.941494
2 8.160325 -0.127395
2 3.572423 -0.402217
2 -4.131176 -0.370066
2 2.859264 4.806229
2 -5.594698 -0.498114
2 6.750513 0.560593
2 -2.615833 4.652141
2 -2.811886 4.952028
2 5.349815 0.593148
2 -1.888979 3.989080
2 3.826648 -0.927033
2 -2.588269 4.763851
2 -2.223252 4.016782
2 -2.351945 -4.040313
2 2.117974 -4.069422
2 2.409534 3.707165
2 -3.095737 -5.914342
2 -3.239357 -5.832141
2 -3.552906 -7.049267
2 3.140564 5.331383
2 -1.996942 3.477076
2 6.317465 0.031854
2 -1.395797 3.183836
2 -2.209863 3.672261
2 2.359093 -4.120447
2 -2.935601 3.355611
2 2.847770 0.927773
2 2.635334 4.653763
2 -2.292663 -3.670030
2 -4.011393 1.486093
2 -2.422571 -3.275194
2 -1.153776 -3.143992
2 -2.517404 4.718220
2 4.054063 -1.132265
2 1.970678 3.533927
2 -2.856200 -5.205850
2 -6.520786 0.567661
2 2.222171 -4.309358
2 -0.334377 1.806774
2 3.118523 5.719250
2 -2.201441 3.801593
2 -3.839836 -5.399035
2 -1.992250 3.531331
2 -1.302444 2.126486
2 5.517643 0.190013
2 3.447992 5.417800
2 2.516940 -4.437941
2 -6.132571 0.120116
2 1.693860 1.083736
2 -2.684751 -4.542305
2 -0.367475 3.345990
2 -2.028965 3.932696
2 -3.581170 -1.689389
2 -0.097740 -2.394569
2 1.828986 3.486991
2 -2.676873 4.798048
2 -2.335257 4.425597
2 3.753231 0.502590
2 -2.019719 3.602180
2 6.532936 0.121475
2 -2.535050 4.956119
2 8.517271 -0.620664
2 2.553318 4.677782
2 -1.114662 -2.958656
2 7.248145 0.826072
2 -0.025675 2.455043
2 3.836510 -0.206610
2 4.595969 -0.270319
2 5.454482 0.021617
2 2.465942 -4.086958
2 2.528052 4.005971
2 -7.174565 -0.067511
2 3.225763 -1.388056
2 -2.375518 4.165069
2 4.693194 -0.154241
2 1.235928 1.666283
2 -5.043782 -0.169096
2 -2.564613 4.650665
2 1.863191 -2.459135
2 2.441505 -4.448844
2 -0.476546 -2.369865
2 -1.413170 -3.343664
2 -2.568156 -4.280228
2 3.698586 0.399211
2 1.898548 -2.554238
2 -2.039264 -3.592177
2 -2.860990 -4.883800
2 -3.097594 2.579187
2 3.563844 -1.176095
2 5.779386 -0.338800
2 -2.731154 2.912826
2 -6.185085 -0.082632
2 2.362420 4.269890
2 4.743671 0.147319
2 -2.382855 4.334983
2 -0.686564 -1.857690
2 6.377657 0.229050
2 3.075303 1.804237
2 3.007433 4.965683
2 2.102924 -4.042669
2 -2.809215 -3.804381
2 0.154261 -3.215824
2 -4.818175 0.192209
2 1.923955 -3.816891
2 -5.062282 -0.684226
2 -7.202018 0.009941
2 4.249944 0.589373
2 -2.099992 3.766195
2 -2.195174 -3.862577
2 -1.999200 -3.628073
2 -3.996567 -1.405588
2 2.219830 2.096725
2 -3.166775 -5.477811
2 2.566813 -4.538213
2 -5.010396 -0.405620
2 -1.898529 3.871383
2 2.270024 -4.020205
2 -2.605311 5.187164
2 4.588931 -0.291896
2 3.064251 4.954984
2 -2.140920 3.483993
2 7.255405 1.097372
2 4.882260 0.198271
2 3.389622 -0.312657
2 2.242458 -2.209409
2 -3.025438 2.429466
2 -3.463063 -5.462938
2 4.008560 0.630126
2 -2.179803 3.297748
2 -4.830072 0.331743
2 3.178586 0.667020
2 -3.286651 -5.968135
2 1.541029 -3.307436
2 -3.318023 -5.631695
2 1.266347 3.420727
2 6.128641 0.168423
2 -2.374466 4.420448
2 -1.554485 -0.380329
2 4.772535 3.367248
2 2.734302 5.149108
2 -5.252018 0.189744
2 3.132724 -2.139719
2 -3.758238 -0.678923
2 -2.308425 2.471801
2 2.423462 3.508708
2 0.707445 -2.006015
2 0.323291 1.440023
2 2.007777 -3.738290
2 0.446398 3.298404
2 -3.933719 0.183964
2 3.124037 0.020030
2 -2.030691 3.797815
2 2.172099 0.849546
2 3.034291 5.103685
2 6.682508 0.440353
2 -1.778778 -3.480279
2 2.424712 3.061537
2 -3.145336 -0.505793
2 -5.049763 -0.226829
2 2.213903 -3.583293
2 3.493928 5.757755
2 -5.235262 0.259479
2 2.249216 -4.521113
2 0.041948 -2.603815
2 4.932614 0.409039
2 5.566416 -0.109296
2 3.121634 -1.414086
2 6.498363 0.011404
2 -2.046926 3.632408
2 -2.470659 4.472193
2 -2.346460 4.284013
2 2.122954 2.727587
2 -2.477562 -3.297440
2 -3.670176 0.195765
2 -4.457113 -1.449910
2 -1.065947 2.998534
2 2.192273 0.642769
2 2.330630 3.610797
2 -1.116520 2.519444
2 -2.196756 3.631725
2 6.688005 0.500087
2 -2.353218 4.276300
2 -6.589904 0.136658
2 2.850306 4.259546
2 -2.711134 5.251895
2 3.450026 -0.364299
2 -0.261555 -2.443916
2 -0.354430 3.345933
2 -4.403056 -0.154701
2 7.672857 0.308061
2 -2.561630 -3.110932
2 -4.509640 -0.149492
2 -3.539728 -6.286006
2 -0.898238 -2.825996
2 -1.653172 3.268814
2 -1.900333 3.929467
2 1.866273 -3.548361
2 6.956895 0.777219
2 -3.032367 -5.464153
2 -2.316782 -3.830376
2 3.217552 5.176767
2 0.659293 -3.472063
2 2.569003 -4.483614
2 3.918602 -1.312082
2 -3.322770 -0.590520
2 -1.556386 -3.431098
2 -2.564778 -4.217368
2 -5.084068 0.521885
2 -1.805006 -3.421428
2 -4.479215 -0.491160
2 -4.174999 0.170744
2 3.106822 -0.519676
2 -0.976956 -3.171364
2 -3.058298 -4.002311
2 -2.900963 -4.627347
2 -3.144476 -5.438677
2 -2.796740 5.200869
2 -4.471184 -0.379754
2 -3.361934 -5.778267
2 -2.821201 -4.586906
2 -2.804748 3.533886
2 7.618228 0.278242
2 1.859699 -3.548220
2 4.859714 -0.054303
2 3.981229 -0.196345
2 3.055089 2.354985
2 1.841999 -3.005460
2 7.190016 -1.056065
2 5.385711 0.574369
2 4.570492 0.801931
2 -2.252745 4.032515
2 -2.586378 4.245374
2 -1.200281 1.932564
2 -1.700197 3.302865
2 2.167709 -1.073631
2 -2.364630 4.094675
2 2.532087 1.361960
2 5.852975 0.263780
2 2.141450 -3.860168
2 -2.896703 -4.987884
2 4.139214 -0.514831
2 -1.681417 2.647002
2 -3.894514 -7.130771
2 2.227902 -4.107391
2 -3.125589 5.310009
2 5.468430 0.270513
2 4.709012 -0.047091
2 -2.436987 4.212766
2 -2.020396 -3.353623
2 8.497836 0.291636
2 -0.884931 1.740439
2 0.788496 2.879806
2 -6.589885 0.886661
2 2.581774 -4.519462
2 -2.856099 -4.782516
2 2.891149 2.717230
2 -4.673865 0.010483
2 5.388441 0.687952
2 -5.160450 -0.032060
2 3.447636 0.457828
2 2.407103 -4.195224
2 -0.588331 -2.923154
2 2.034000 -1.561676
2 -4.695848 0.353586
2 -2.786049 -4.823951
2 -2.587848 -3.940310
2 -2.645655 4.688731
2 -2.918232 -3.661289
2 2.390636 -4.353811
2 2.527388 -4.508289
2 -3.839946 -5.343573
2 2.507617 3.813755
2 -3.155483 -5.176846
2 -3.230105 2.554420
2 -2.576544 -3.445838
2 -2.394765 4.073943
2 3.471359 0.811121
2 2.219060 -4.267831
2 -5.127812 1.165822
2 5.956336 0.075684
2 -0.135989 3.117356
2 2.467502 4.282753
2 1.095584 -1.315533
2 2.313388 -4.053784
2 -2.754504 -5.454111
2 -3.177288 -5.534619
2 6.200514 0.381860
2 2.493603 3.623447
2 2.149384 -3.597913
2 4.846930 -0.085772
2 -2.278761 4.588196
2 6.202579 0.224274
2 1.559490 3.397312
2 -3.118886 -5.746805
2 -2.656402 4.738284
2 -3.732025 -5.563356
2 5.690186 0.869163
2 -2.545299 4.416248
2 -1.879430 3.892860
2 -1.755917 -2.764838
2 -3.604962 0.564592
2 -3.231481 -5.179451
2 2.499909 3.008955
2 -5.762018 -0.002956
2 2.828941 -1.545040
2 -2.900542 5.160663
2 3.593724 6.221594
2 -4.228259 0.707151
2 -2.456557 -3.099515
2 -0.047134 2.879093
2 9.840734 -0.390967
2 -1.248623 3.111129
2 -3.198389 -4.786374
2 6.081296 0.303150
2 -2.926617 -3.949261
2 1.866287 -3.409156
2 4.681203 -0.462387
2 6.029820 -0.234666
2 -0.823668 -3.300174
2 5.363234 -0.212462
2 5.999225 0.231900
2 2.575258 4.514263
2 -2.466168 4.317606
2 3.244933 5.045600
2 5.480760 -0.118091
2 6.218299 0.896776
2 1.176700 3.166215
2 -3.507864 -5.447941
2 -3.315933 -0.907205
2 2.339426 -4.390267
2 2.683792 -0.712550
2 -1.609307 3.284761
2 3.463117 5.636784
2 -2.435321 4.449337
2 -4.889887 0.558797
2 2.834044 -1.571361
2 -2.824944 -4.829568
2 -3.362174 -5.811060
2 -6.432950 -0.015572
2 2.272177 -3.679036
2 -2.296413 4.158162
2 3.395551 5.702982
2 0.099490 3.493230
2 -3.354359 -6.301099
2 -3.461230 -5.873724
2 3.199636 5.335991
2 4.621413 -0.011996
2 0.372163 0.301249
2 -4.318275 1.312435
2 2.170227 -4.270470
2 -1.751344 3.346068
2 4.133000 0.066165
2 5.616805 -0.361963
2 -5.577310 0.271154
2 -3.356467 -1.311589
2 2.494726 -4.243949
2 -3.405346 -5.541795
2 -3.777654 -1.481830
2 8.626093 1.369274
2 0.710036 -3.412009
2 -1.388137 2.870581
2 -3.230757 -5.023722
2 7.705953 -1.014889
2 -3.820260 1.684721
2 -2.051037 4.035043
2 6.182173 0.395016
2 -2.262465 3.898006
2 -2.054568 3.453840
2 1.529722 -3.959764
2 -3.211928 -1.644830
2 6.513850 1.036609
2 2.346853 3.724039
2 5.427855 0.713704
2 -2.677704 -4.228191
2 -2.317895 3.082725
2 3.162843 -1.572805
2 -2.057556 4.143953
2 1.068977 -1.703536
2 -2.633574 -4.366160
2 0.867503 -0.863929
2 -1.878250 -4.317739
2 -3.450849 -0.130455
2 -2.362058 4.072509
2 2.033442 -3.472005
2 4.646214 0.067645
2 -4.282827 -0.233342
2 -3.622142 -0.749767
2 -0.970418 -3.311171
2 -1.213253 -0.723871
2 -2.469676 4.847775
2 2.860534 2.375196
2 -3.261943 -5.020846
2 3.522243 0.070054
2 2.457088 -4.505185
2 -0.135746 -3.239469
2 2.689158 4.096132
2 2.332787 2.846552
2 -0.371972 2.491323
2 7.278572 1.516846
2 -0.955221 -2.848734
2 -2.611650 4.818710
2 2.470465 4.281479
2 -2.354401 4.082559
2 -2.214812 -3.303400
2 -1.264924 2.401199
2 -1.475327 3.801845
2 -3.768204 -7.058816
2 6.001520 0.866989
2 -1.278538 -3.381900
2 -2.955490 -0.199156
2 7.459696 0.120428
2 -2.948030 4.408402
2 1.634747 -3.409091
2 -3.394769 2.443682
2 4.820738 0.318528
2 -2.492692 4.226515
2 1.326717 1.262615
2 -1.585588 -3.287241
2 2.487266 4.350467
2 2.664382 4.462102
2 2.793203 4.466661
2 3.007523 0.882555
2 6.933226 0.280677
2 3.819824 -0.106268
2 -2.046389 3.550459
2 4.340362 -0.093993
2 2.243500 -4.451535
2 5.023254 -0.208061
2 0.350976 -1.903044
2 1.144986 -3.184771
2 2.532860 4.481316
2 2.419685 3.718190
2 6.253052 -0.152756
2 -4.076079 -6.139159
2 -4.184135 0.177332
2 -2.115250 4.558519
2 5.265359 0.416651
2 2.974232 5.067481
2 6.586059 0.188350
2 -4.021554 -1.720100
2 3.189556 2.250464
2 6.829605 1.034909
2 -3.689564 3.286816
2 -3.372196 0.936146
2 3.814793 4.450308
2 -2.781657 -4.259882
2 2.610068 -2.399618
2 -3.493215 -6.236209
2 -6.392344 -0.016933
2 -5.497779 1.194865
2 1.781927 1.775409
2 -2.616615 5.037920
2 -2.807032 3.719207
2 6.027493 1.204287
2 -1.062090 2.483263
2 0.235874 1.941941
2 -2.372043 4.211981
2 -2.450712 -3.992564
2 2.086704 -3.904184
2 5.714622 -0.164142
2 -0.812125 3.277866
2 -2.196061 4.110992
2 -7.043348 -0.129863
2 3.527997 -1.561647
2 2.583598 3.958973
2 -2.070901 1.439397
2 4.403711 -0.635073
2 2.379823 -4.320057
2 -3.514738 -1.761134
2 -1.643842 -2.766077
2 1.757283 -3.803732
2 1.826979 -3.130145
2 -4.687525 1.789370
2 -1.343855 -1.668900
2 5.651192 0.077646
2 -2.170674 3.990233
2 -1.998739 3.731105
2 4.259470 0.802963
2 -1.643932 -3.433800
2 0.304034 3.337823
2 -2.994070 -5.106069
2 -4.394371 0.267268
2 5.956534 -0.625591
2 5.642710 -0.123496
2 6.847347 0.222092
2 2.391752 -4.403293
2 1.213895 0.132909
2 -3.186452 1.241102
2 2.703939 2.574895
2 -0.845520 -3.285945
2 -3.045598 1.607585
2 -2.399972 -4.092481
2 -7.549623 -0.363427
2 -2.954384 -5.020209
2 -0.168268 1.206666
2 6.392241 -0.624265
2 -2.302475 3.974573
2 2.869133 1.004762
2 4.651959 0.132615
2 -2.247578 4.268479
2 3.721000 0.781152
2 2.222551 -4.082035
2 -2.294986 3.839782
2 0.063849 -3.336777
2 0.981726 2.945947
2 -0.672853 2.610594
2 -2.038822 3.213185
2 2.170133 -4.307823
2 -2.356018 4.252780
2 7.688060 -0.020389
2 2.077339 -4.273689
2 2.608982 -2.563725
2 -1.487943 -2.914291
2 -5.663285 0.276000
2 2.428273 4.323534
2 -2.264723 -3.016977
2 -3.296048 -5.690578
2 3.936637 -0.208804
2 -2.192727 3.565235
2 7.743895 1.696384
2 -3.215989 -5.056054
2 1.942677 -3.618198
2 2.361300 -4.480988
2 -3.568336 2.458452
2 5.243177 0.288320
2 -0.425333 2.959710
2 -1.999161 3.240150
2 -2.150334 1.852248
2 3.404014 1.460610
2 6.156664 0.709482
2 2.119210 -4.071778
2 5.963840 0.774484
2 1.953099 -3.633366
2 4.989941 0.266219
2 -3.003474 -4.843960
2 0.914748 -3.639766
2 -2.542813 -3.887819
2 3.225007 1.798082
2 -4.215433 -1.663534
2 3.541679 0.379667
2 -2.858110 2.282183
2 6.633706 0.869540
2 2.128204 -3.142803
2 -1.101154 2.326632
2 10.461542 -1.420549
2 2.355584 -4.243762
2 -2.578862 4.429122
2 5.720537 -0.167822
2 2.293924 -4.584662
2 4.016378 1.796643
2 -2.129977 -3.667554
2 5.818315 -0.047835
2 1.785042 2.828926
2 -2.678937 -4.085498
2 -2.442866 -4.074914
2 5.792233 -0.337749
2 -2.717997 4.299019
2 1.928113 3.257653
2 0.630899 -2.444368
2 3.589584 -0.083897
2 -1.513073 3.257558
2 5.591398 0.576812
2 -3.214396 1.914301
2 2.328172 -4.727878
2 6.398604 0.203057
2 -2.814120 5.146409
2 -3.094761 5.034392
2 -2.459654 -4.132461
2 -7.520921 -0.340806
2 2.699700 1.355910
2 2.708098 4.504462
2 0.955561 -1.425666
2 -2.908570 -4.741636
2 2.066886 -3.580317
2 -4.310844 -1.214514
2 3.630360 0.198544
2 -5.659428 -0.279877
2 -2.346895 2.351301
2 -2.476299 4.362323
2 -1.772934 -2.714135
2 -2.728969 3.344427
2 7.516158 1.211190
2 -2.558306 3.847847
2 1.286694 -3.435238
2 -1.384725 -3.226203
2 -4.425863 0.764259
2 -0.686271 2.211688
2 4.766665 0.324104
2 2.740023 1.899096
2 5.370524 0.648542
2 -1.011213 2.587399
2 1.661832 -3.315463
2 6.319232 1.287098
2 1.527559 3.193974
2 -2.376648 4.223025
2 4.375726 0.210859
2 -2.179998 3.060176
2 4.375315 0.230523
2 4.578598 0.259786
2 1.224840 3.577889
2 -2.653632 4.569829
2 -2.087557 4.014361
2 2.322896 4.228240
2 -2.450414 2.781110
2 4.721847 1.703909
2 2.027251 -3.897169
2 2.303505 3.603474
2 -2.486909 4.308157
2 -2.747707 4.487628
2 -2.158085 3.952261
2 4.763403 0.390833
2 5.363301 0.315091
2 -2.532260 4.285089
2 -2.205833 -3.868284
2 2.254291 -4.026250
2 0.040348 -3.453890
2 -1.530703 3.284182
2 1.413661 -0.833535
2 1.431278 2.310949
2 5.650388 -0.299443
2 3.166733 -1.462965
2 -5.533035 -0.365506
2 1.340223 -3.420038
2 -3.198811 -5.180095
2 7.297504 0.593381
2 6.404002 0.329604
2 -2.982039 -5.176879
2 1.830843 -3.529480
2 2.126684 -3.817451
2 -2.322699 4.271477
2 2.210348 3.121897
2 -3.664076 -5.832417
2 -3.269383 -5.964256
2 2.451062 -4.255957
2 3.388026 0.382917
2 -6.760922 -0.495736
2 2.726577 4.992927
2 1.956147 -3.825227
2 1.995420 2.932821
2 -7.390002 -0.262775
2 -2.637299 -4.152660
2 0.330271 1.555614
2 3.217304 0.449624
2 -2.199838 3.712146
2 1.579091 -3.359057
2 -2.880578 -5.090405
2 2.899048 4.949393
2 -2.406137 4.414777
2 -3.764333 -3.623035
2 -2.696363 4.470707
2 2.189217 -4.232127
2 -2.260692 -3.939910
2 -1.847489 1.373446
2 -2.626036 4.385996
2 -8.446145 -0.745186
2 -4.392709 -0.906268
2 5.391656 0.571020
2 -3.620374 -6.147990
2 -7.920612 0.504102
2 -5.015870 -0.227381
2 0.454800 -2.304158
2 -3.690838 -6.968256
2 -2.274036 2.518279
2 4.209811 0.187869
2 -2.481445 -4.206887
2 -2.648182 -1.672971
2 3.757808 1.174587
2 -3.837224 -6.625367
2 -2.445133 -4.124493
2 -5.746919 -0.108603
2 1.385760 -1.210437
2 -3.192256 -1.756328
2 4.679522 0.140203
2 -0.029842 -2.606343
2 -2.017666 -3.655839
2 3.321245 -1.640491
2 -1.376066 -0.925736
2 -2.067408 -2.181214
2 -3.261322 -5.551250
2 -3.473779 -5.987820
2 -2.518182 3.930046
2 -2.626592 4.719134
2 -2.208746 3.917229
2 -2.947059 5.133123
2 -2.635494 4.903222
2 0.830854 3.382111
2 -3.335245 -1.752985
2 3.672953 0.745161
2 -1.267325 2.990608
2 2.229281 -4.339489
2 -2.583152 3.748904
2 2.339851 -4.330735
2 2.398023 -1.850343
2 3.429955 -0.157425
2 4.412873 -0.147516
2 -0.245354 3.226756
2 -3.755521 1.096916
2 4.983273 0.160290
2 1.864658 -3.367225
2 -2.385511 3.747925
2 -2.382592 2.372503
2 -2.498286 2.864802
2 1.210236 -0.362325
2 6.219760 0.233018
2 1.236555 3.195570
2 2.356008 4.035658
2 1.606694 -2.842396
2 0.662261 -3.657208
2 -4.868279 -0.368544
2 3.041423 -1.618267
2 6.073656 0.338452
2 2.039900 3.991491
2 -3.150642 -5.417640
2 -2.772153 4.783403
2 1.247226 -2.148339
2 -2.612813 -4.275482
2 4.372910 0.229892
2 -1.081872 1.074517
2 4.287140 0.921195
2 -7.083607 -0.282513
2 -2.516747 4.409509
2 6.184792 0.175482
2 -1.862022 3.446926
2 -2.635684 4.270254
2 -3.184726 -2.220997
2 6.601119 0.921524
2 5.288458 0.203812
2 2.164158 3.847799
2 -2.408382 4.234235
2 -0.100941 1.861528
2 -3.100379 -4.923243
2 3.086787 0.544201
2 -2.297832 3.827114
2 5.759721 -0.185928
2 -4.000838 0.881149
2 -2.295698 3.803003
2 2.457508 3.062301
2 -7.299092 0.279678
2 2.975315 2.295054
2 -1.364694 -2.295802
2 6.961846 0.421605
2 -1.706929 3.251683
2 2.208364 4.206299
2 -0.953029 2.275150
2 2.124299 -4.015187
2 -2.610516 4.611337
2 3.483115 -0.760024
2 -2.718025 -4.584219
2 2.778618 4.572683
2 5.753483 0.239960
2 1.610111 0.526138
2 -4.186161 0.326976
2 4.040112 0.237052
2 4.571711 0.284206
2 4.121710 0.613980
2 -2.420999 4.164081
2 -0.299195 -3.307900
2 -2.131996 4.224264
2 4.114638 0.073933
2 -3.188839 -5.786633
2 7.280739 0.506639
2 5.950139 0.179740
2 -2.581078 4.509398
2 -2.484466 4.126435
2 -2.526462 3.992781
2 -2.558773 -4.165475
2 -0.752543 -3.466029
2 0.812326 -0.253786
2 2.242571 3.237480
2 -3.230504 -5.420072
2 5.489506 0.731833
2 -1.965867 3.109884
2 -2.317707 4.019935
2 2.203283 -0.107907
2 4.699764 0.339665
2 -2.401137 4.207215
2 -3.162064 -5.323565
2 4.378261 0.371502
2 -2.937984 3.371913
2 -2.378559 4.237725
2 6.263879 0.435613
2 2.603736 4.634297
2 3.833280 0.236581
2 -2.360688 4.298210
2 0.851358 1.733203
2 5.461394 0.830417
2 2.463155 -4.422529
2 7.216071 0.748540
2 -2.560003 4.636208
2 2.370307 -4.468943
2 -4.679995 -0.424606
2 0.714628 -3.502889
2 -2.768304 -5.003558
2 -3.311794 2.344241
2 1.098685 -3.125442
2 -2.091556 -0.712245
2 -2.223289 -1.721029
2 -3.797394 -1.055830
2 2.718569 -1.079933
2 2.151438 -2.096118
2 -4.956229 -0.271859
2 -2.278009 3.751705
2 -5.107361 -0.095018
2 -2.676527 -4.569932
2 1.988255 4.331111
2 -6.271088 -0.863669
2 2.204394 4.012992
2 -4.664109 -0.305007
2 5.499507 1.058372
2 -0.763053 -3.361416
2 -2.412312 -2.674838
2 -4.073038 -1.237037
2 1.969256 -3.973001
2 2.240300 3.618974
2 -2.865123 4.815538
2 -2.396801 4.250262
2 -0.182660 3.107881
2 -2.374796 4.116282
2 2.180632 -2.679140
2 0.479687 3.239179
2 4.751360 0.150494
2 -1.903795 -1.054490
2 2.303276 -4.422956
2 -3.248266 -5.313473
2 -4.853085 -0.238092
2 5.113668 0.258720
2 11.349971 0.434851
2 -3.021084 5.054788
2 5.433580 1.339396
2 -2.039101 3.542640
2 -5.055932 -0.002711
2 -4.156250 -0.340705
2 5.582526 0.002901
2 -2.862286 -4.201395
2 2.392511 -3.063814
2 2.357288 -4.380283
2 -2.901381 -5.089671
2 2.628297 4.500947
2 -7.023273 -0.617991
2 7.437959 0.739670
2 -0.039459 -2.953320
2 6.078510 0.573150
2 -6.774851 0.083627
2 -0.586146 3.306741
2 2.452381 -4.454547
2 -3.211468 -2.264768
2 5.584680 -0.085113
2 2.393422 -4.629269
2 2.533085 3.068529
2 -2.205755 3.761791
2 -3.005830 -5.145240
2 -3.441120 -6.192515
2 7.014847 0.876391
2 3.941777 -0.510372
2 4.426272 0.070974
2 -6.852850 -0.098466
2 2.137557 -3.840833
2 0.944400 2.098253
2 2.892604 2.648814
2 4.350273 -0.269254
2 1.293433 2.891973
2 -3.152125 -3.290643
2 -3.114317 -4.939254
2 -0.426523 -3.061838
2 1.940380 -3.632394
2 4.761086 1.373033
2 6.143920 0.449808
2 6.447022 0.301110
2 -2.838585 -4.868164
2 -1.211626 -2.672158
2 2.699105 -2.618388
2 1.319866 -3.399610
2 -0.973834 -2.429775
2 -2.767248 4.684782
2 5.671875 0.216293
2 0.448709 -3.184344
2 -0.754394 -0.435496
2 2.591365 4.600403
2 4.705339 -0.062883
2 -2.503914 -4.310339
2 -1.748906 -3.483004
2 -2.634574 4.535359
2 3.188067 5.289700
2 2.342202 4.110068
2 2.522494 -4.519813
2 2.079113 -4.458626
2 2.381115 1.640836
2 6.038610 0.134956
2 -2.107723 3.792172
2 -3.602678 -6.130326
2 2.170068 3.557534
2 -1.688308 2.454454
2 3.725319 -0.076769
2 -1.112705 0.058491
2 -2.698179 4.593245
2 1.961195 2.684746
2 -0.285740 -2.801466
2 6.857604 0.795572
2 -2.468807 4.510000
2 -3.353561 -5.227465
2 -0.702880 1.798443
2 2.238025 3.519976
2 3.208282 5.331563
2 7.059601 0.667539
2 -3.207703 -0.765646
2 -2.514019 4.386929
2 -2.466677 4.568713
2 -5.621195 0.116036
2 -3.247560 -5.702635
2 4.238304 1.254167
2 -3.364077 1.092820
2 4.248608 0.275871
2 1.916322 0.376111
2 -2.105804 3.723261
2 3.002956 -1.461301
2 2.630521 -0.604284
2 -2.909091 -5.034287
2 2.264046 -3.363370
2 1.854526 -3.561913
2 -3.258176 -5.469577
2 -2.524768 2.760072
2 -6.133492 0.115928
2 -2.762011 4.613943
2 4.313809 0.291111
2 -2.852888 4.580990
2 3.920602 0.340597
2 -1.377114 -3.230624
2 2.338589 4.218950
2 -2.579042 4.041802
2 1.688393 -2.562383
2 3.520465 1.233444
2 1.695135 3.238311
2 -7.017732 -0.471695
2 6.006717 0.546394
2 -6.461551 -0.813964
2 -2.251647 4.051350
2 2.224197 -4.308420
2 0.907390 2.869234
2 -2.476025 4.429465
2 5.418498 -0.526248
2 2.426473 4.287236
2 5.861209 -0.317340
2 3.600065 0.675141
2 2.419475 2.374111
2 -7.075137 -0.588660
2 5.018649 1.245427
2 -3.257632 2.492907
2 2.487930 -1.466118
2 -1.416551 -2.988186
2 -4.666137 -1.427558
2 2.465210 2.829160
2 -2.229818 3.921910
2 -0.088019 -2.915056
2 -0.081772 -2.103249
2 -2.719018 4.878540
2 -3.220850 -2.265157
2 -2.721344 4.490215
2 -6.209023 -0.686693
2 -3.133628 1.582650
2 -1.475433 -1.628747
2 -2.559493 2.626094
2 -3.317034 -5.592250
2 -4.193871 -1.012469
2 -4.496207 -0.611633
2 -3.596280 -5.640753
2 -2.664966 4.403974
2 2.914665 -0.156268
2 0.360195 2.510514
2 -1.933979 -3.523608
2 6.638665 0.015903
2 6.674704 1.015198
2 2.396609 -4.493837
2 2.469747 -4.301034
2 -2.070824 -3.691242
2 -2.084569 3.886153
2 1.697511 -2.254027
2 2.316094 -4.262577
2 0.847097 -3.342946
2 0.975283 2.990163
2 -0.169336 3.477001
2 -3.208541 -5.400729
2 0.496429 3.074184
2 -3.501807 -2.755333
2 -2.853542 4.730040
2 -2.471377 3.863503
2 2.410819 -4.314605
2 -2.582161 4.255447
2 -1.126293 2.902174
2 1.957325 -3.866043
2 2.233873 4.233248
2 2.244777 -1.537331
2 2.382650 4.355287
2 2.194484 3.937532
2 -2.988434 -4.933976
2 -0.849269 -3.173164
2 -6.001526 -0.047763
2 2.120185 -3.217091
2 3.184372 -1.566497
2 -2.933714 5.013675
2 -2.152849 -3.934234
2 7.488314 0.814649
2 1.028642 -3.411490
2 -2.367524 -2.379812
2 -3.713455 -6.991671
2 -3.743790 0.044590
2 4.937128 0.235403
2 -3.572335 1.880625
2 6.192258 0.131454
2 -0.861477 -3.056764
2 2.404551 -4.296423
2 0.397637 2.874611
2 -3.092760 2.003468
2 -2.301090 4.525650
2 4.265479 -0.120981
2 3.729649 2.631991
2 1.272650 3.089172
2 7.139675 1.584288
2 6.789677 -0.001254
2 5.351193 0.582699
2 5.889090 0.176439
2 -3.446900 -2.699206
2 -3.364514 -5.214333
2 0.022118 -0.748227
2 2.712692 -4.493671
2 -1.993747 3.532785
2 2.564847 2.017249
2 5.475107 0.158910
2 -4.575660 -0.184261
2 -2.859469 2.556218
2 2.521750 4.615150
2 2.025017 3.123785
2 -4.002795 -0.782564
2 3.418265 -1.173386
2 -3.081402 5.350174
2 -2.737924 -2.524100
2 -2.983149 4.962209
2 -6.307269 0.172656
2 2.368610 -2.733066
2 -6.693665 -0.051904
2 -2.153708 3.839491
2 -4.785260 1.276822
2 0.713753 3.483444
2 3.732472 0.325736
2 2.080743 2.658752
2 -2.326796 3.897861
2 -3.710733 2.912150
2 2.498574 -4.652031
2 -4.513616 -0.371795
2 2.910956 -2.849642
2 -4.187753 2.296548
2 3.680646 0.783447
2 -4.599014 -0.226659
2 0.163091 -1.915103
2 5.706772 -0.298609
2 -2.297296 4.076548
2 4.384177 -1.133126
2 3.679617 0.659771
2 -1.412453 2.966606
2 -5.371510 -0.230665
2 8.152093 0.580652
2 5.094971 0.501630
2 -3.109571 -5.630137
2 2.450348 -0.007946
2 5.284677 0.367599
2 2.190793 3.627492
2 -2.395635 -4.052900
2 0.728544 -2.894297
2 -2.511672 -3.990023
2 6.167126 0.110825
2 0.439863 3.158348
2 -2.706261 -5.241063
2 -3.685461 1.471112
2 -6.005173 0.249231
2 1.358455 3.027791
2 -2.430362 -3.896106
2 2.643590 -3.181311
2 -5.808763 -0.353398
2 2.094099 -3.615324
2 -6.808951 0.152458
2 -2.725235 -4.483220
2 -1.254330 3.132007
2 -4.608689 0.069788
2 0.390124 3.547628
2 -2.391362 -4.130334
2 -1.401531 -3.200361
2 7.485504 0.278959
2 -2.465823 -3.941651
2 1.709892 3.315349
2 2.677641 4.626608
2 -0.067250 3.195778
2 -2.445979 4.218718
2 -1.488723 3.349066
2 -3.102383 -5.609528
2 -0.402304 2.684591
2 -6.444232 -0.005788
2 -1.974053 -3.597687
2 5.594997 0.243698
2 -3.191411 5.748729
2 0.248533 -2.996983
2 -3.002270 5.372768
2 -3.464371 0.186190
2 -2.720537 5.068615
2 -1.805655 3.290027
2 -3.323627 -5.971870
2 -3.783431 -5.884263
2 -2.418567 4.423902
2 1.416005 0.332339
2 -2.414031 -4.031209
2 8.229436 0.559325
2 -2.455096 4.406055
2 6.001492 0.170251
2 -1.892040 1.623568
2 5.096539 -0.413203
2 3.294208 1.183022
2 -1.572603 3.158698
2 4.111358 -1.305705
2 2.323644 4.474909
2 2.835940 1.787780
2 2.222375 3.180416
2 5.001409 3.301844
2 1.367292 -3.277004
2 5.266013 0.247456
2 3.132499 5.301952
2 -5.422254 0.362112
2 2.025903 -3.765975
2 -6.253969 0.111266
2 1.962740 -4.035073
2 -4.793468 -0.066849
2 -3.057275 -5.627566
2 1.483099 3.032643
2 2.688756 1.765541
2 7.301324 -0.420638
2 -3.031688 4.328171
2 6.304222 -0.149180
2 -3.117444 5.416597
2 6.408366 0.088463
2 2.374645 -4.286305
2 3.316563 -0.175958
2 -2.721799 4.951905
2 5.048164 -0.020811
2 3.183881 5.430430
2 7.440491 0.569760
2 2.100221 0.263971
2 -1.426596 2.606095
2 -2.374705 4.220762
2 2.813171 4.935621
2 1.173732 2.755173
2 -2.850304 -2.503446
2 0.100873 3.026744
2 1.827609 -0.178086
2 -2.421930 4.204220
2 -2.161571 3.379621
2 5.234956 -0.345709
2 -0.803292 -2.455050
2 1.788779 -1.343275
2 4.506017 -0.137244
2 7.563284 0.712006
2 -2.695534 2.222937
2 -2.542855 4.697014
2 -3.104459 -5.722932
2 -3.204493 5.598460
2 -3.608876 -7.072478
2 -2.669760 4.559596
2 2.867095 4.739170
2 -1.835414 -3.482133
2 -2.513309 4.289739
2 2.963335 4.915558
2 -2.569058 -4.318575
2 -2.335315 3.847260
2 7.239499 -0.036237
2 -2.129648 -3.885929
2 -2.499573 4.245923
2 -3.310735 6.279366
2 1.386290 -3.388877
2 6.648338 -0.262281
2 -2.678556 4.828534
2 -3.681529 1.262659
2 -3.141436 -5.445210
2 3.464494 0.622642
2 2.364809 -4.804948
2 -3.758312 0.311981
2 -3.778583 -1.765213
2 5.801706 0.128764
2 3.122062 0.526291
2 2.019579 3.489398
2 -5.110169 0.052914
2 -3.078425 0.547619
2 0.002619 -1.361158
2 -1.875783 -3.988179
2 -4.990816 1.689496
2 -1.805038 -3.028385
2 2.453368 -1.048065
2 -1.502882 -2.727255
2 -3.073277 0.032709
2 -2.724785 4.802836
2 -6.146414 0.091945
2 0.304705 2.986222
2 -3.102463 -5.371716
2 -7.058339 0.526643
2 2.161717 0.525057
2 -5.463850 -0.106154
2 -2.554536 4.485045
2 2.721364 -4.746797
2 -4.730728 0.109084
2 1.857211 2.472328
2 -3.272289 -5.192136
2 -2.992102 -5.100741
2 -2.518919 2.979000
2 2.649611 1.311153
2 1.000193 -2.946245
2 2.067943 -2.438486
2 4.264771 0.334265
2 6.089388 0.555658
2 -2.508902 4.420005
2 -1.351643 -3.244352
2 -2.781231 3.732726
2 2.340575 -3.024943
2 -2.641115 4.739523
2 -2.490980 -4.090949
2 2.509953 2.102595
2 5.835380 0.204867
2 -2.361766 4.127705
2 1.237941 3.271409
2 2.751826 -4.889333
2 5.425366 0.339067
2 -2.909877 4.972106
2 -0.074405 2.620997
2 4.473501 0.271780
2 -5.639058 0.360389
2 -2.603101 -4.744396
2 -1.847740 -3.580145
2 -2.299066 4.324239
2 2.144341 -3.403728
2 -3.052849 -2.173288
2 -2.538224 4.619160
2 2.614532 0.485626
2 2.431418 2.655390
2 -2.281814 3.708199
2 4.047530 4.066495
2 1.445095 2.502914
2 2.294994 2.379085
2 2.483432 1.046955
2 3.762668 0.012647
2 1.936983 3.615058
2 -3.866638 -7.233755
2 -4.095158 -0.288710
2 2.557426 4.643771
2 -2.518016 -4.067173
2 -2.010448 3.582722
2 6.208557 -0.206046
2 -4.857850 0.145747
2 6.266528 0.101980
2 -3.279029 1.937388
2 -3.957064 -0.492137
2 -3.008641 5.515893
2 5.499664 -0.370565
2 -6.415123 0.684657
2 -0.882793 -2.920106
2 0.718184 3.017547
2 2.448858 4.188387
2 -2.325815 -3.423824
2 -2.391718 -3.819962
2 -2.556855 -4.102614
2 2.673693 -2.555801
2 -2.172313 3.924395
2 -3.565073 -1.514852
2 -1.145264 2.806869
2 -2.670883 -4.392347
2 -2.789263 4.984499
2 5.847081 -0.126472
2 -2.161091 3.772555
2 -4.597149 0.480268
2 -2.497810 -3.277011
2 -2.398010 4.292189
2 8.430375 -0.405325
2 6.249214 0.016285
2 -3.547477 -0.856906
2 -1.888385 3.572158
2 2.516847 -1.525374
2 2.347157 2.196527
2 -4.302850 -7.409874
2 1.669720 3.069996
2 -0.949365 -3.338387
2 4.959071 -0.246842
2 -3.055242 -5.008428
2 4.538661 0.037709
2 -3.129103 -5.346449
2 -2.938691 5.083427
2 -3.805190 -7.227803
2 -3.060971 -4.917953
2 -2.949604 -4.835326
2 2.613267 4.510508
2 -0.929976 1.538967
2 6.646396 0.805036
2 0.146265 -3.613013
2 1.387286 -3.646648
2 1.772039 -3.666989
2 -3.496455 -1.010245
2 2.815594 -5.212109
2 2.070705 3.842156
2 5.794500 0.487651
2 4.327344 0.479511
2 -0.147160 2.489825
2 3.165140 -0.259859
2 8.507820 -0.423967
2 2.489282 3.993160
2 6.480162 0.272349
2 2.635806 4.516670
2 -2.293504 4.025787
2 -0.358717 -3.261553
2 6.325018 0.162520
2 4.977309 -0.194807
2 7.838301 -0.450427
2 -1.354824 -2.439013
2 -5.388851 0.030281
2 -4.405326 -1.133011
2 -0.350694 -3.170787
2 6.226290 0.852421
2 -3.144684 -5.668573
2 -3.052287 5.353285
2 2.706662 -4.956094
2 2.817766 -2.268474
2 -3.956097 0.516775
2 6.590113 -0.027547
2 0.967713 2.831006
2 0.496791 1.783397
2 -2.152151 -3.917514
2 -2.820051 4.683969
2 -3.189593 1.655229
2 -1.412885 -2.879469
2 4.871246 -0.743932
2 1.175702 -3.409856
2 2.671474 4.835213
2 2.509805 4.479930
2 -1.355550 -3.007735
2 2.242014 -4.254538
2 2.485110 -4.243854
2 -3.113242 -1.464520
2 -2.113821 -3.845918
2 -2.414387 4.021939
2 -3.837385 -1.250538
2 1.949144 3.936601
2 4.316742 -0.388804
2 3.052802 -3.421619
2 7.815885 0.221241
2 -1.139862 -3.516938
2 5.760802 0.527349
2 2.578753 4.777704
2 3.042619 1.034450
2 2.382894 -4.419137
2 2.233873 4.300188
2 -1.083618 3.444527
2 -3.310011 1.531467
2 -2.114861 3.614321
2 -2.100898 3.784110
2 5.568117 0.059032
2 -2.538143 -4.319375
2 0.003501 -3.444779
2 2.795854 -5.443948
2 0.598810 3.096555
2 5.509249 1.467986
2 -4.333210 -7.356283
2 -1.482862 -3.196852
2 -0.584474 -2.891951
2 -2.561155 -4.613421
2 3.732069 -2.262906
2 3.190092 1.004640
2 2.366246 4.178570
2 -0.123895 -2.871990
2 -1.239371 -2.824524
2 2.133350 -2.392318
2 0.153467 3.222307
2 -3.149889 5.404515
2 -2.433349 -3.865757
2 4.792331 -0.184620
2 5.373581 -0.126591
2 3.910100 0.572739
2 3.376318 -1.566376
2 -1.899756 0.409317
2 -2.875941 3.091331
2 -3.100278 -5.578640
2 -4.692000 -0.153165
2 2.530267 -4.524367
2 1.816599 3.814579
2 7.682316 0.196249
2 -1.524333 2.680858
2 1.840713 -2.010901
2 4.034931 0.061940
2 -3.403056 6.046665
2 -2.507278 -4.264681
2 -2.555459 -4.464366
2 -1.712545 -3.587715
2 -4.089852 0.866447
2 6.998514 0.301759
2 -0.697761 -3.527516
2 7.905071 0.249620
2 -2.525682 -4.260674
2 2.978612 1.973695
2 -2.756093 -4.816864
2 6.953308 0.883651
2 6.191778 0.007270
2 5.864959 0.565658
2 0.537574 -3.354452
2 -3.602657 -6.342155
2 -1.452463 3.262242
2 -2.040966 -2.280112
2 2.861094 5.260540
2 -2.937562 2.042819
2 1.299900 3.678209
2 -3.038504 -4.993964
2 3.959523 -0.514663
2 -2.797085 -4.829786
2 3.379604 1.008616
2 -1.936958 3.444510
2 3.096440 5.020173
2 6.598232 0.304603
2 2.686271 -3.451426
2 4.811144 -0.171319
2 -0.619691 -2.556311
2 -2.584525 4.432923
2 -1.657419 3.439087
2 2.044672 -2.338051
2 -3.218135 2.499330
2 -2.442961 4.430401
2 -2.304770 4.035587
2 -3.190922 -5.085900
2 6.108381 -0.321154
2 5.281781 0.327236
2 -1.268963 -3.468730
2 2.165859 -3.451135
2 -1.573259 3.300724
2 -4.517108 0.096240
2 3.883850 -0.583633
2 -3.520257 -5.600150
2 -2.856750 2.658739
2 -2.298839 3.799965
2 -2.554619 -3.910373
2 2.000947 2.768857
2 5.597392 0.356877
2 -2.444386 -3.026965
2 7.738414 0.358103
2 -3.001120 -5.185196
2 -2.570446 -3.971794
2 -5.350233 -0.306244
2 -5.536319 0.367609
2 4.087046 -0.218985
2 -4.608242 0.086028
2 3.782038 0.316175
2 3.678166 -0.364236
2 2.605618 4.398736
2 -3.023136 -4.688843
2 3.348530 5.662910
2 -2.764189 4.818452
2 1.398408 -3.847139
2 4.816517 -0.889949
2 -3.898032 0.958435
2 4.491301 -0.033998
2 -4.345300 1.170697
2 6.046390 0.131585
2 -2.276990 3.847969
2 -2.662014 4.573039
2 3.160964 -0.628240
2 6.464803 0.484187
2 -2.527807 0.793387
2 5.635615 0.222330
2 -2.283979 3.734417
2 2.221602 3.899885
2 -2.286954 3.904939
2 -3.518041 1.312917
2 -2.373992 -3.549667
2 -2.737860 4.693812
2 2.766853 1.970466
2 4.179230 -0.294110
2 2.004163 -3.823083
2 1.254979 0.626833
2 -3.254993 -5.440996
2 1.003720 0.736184
2 7.809863 -0.207893
2 -2.687773 4.648235
2 4.353542 -0.010782
2 0.511830 -2.936632
2 -2.459711 4.123698
2 1.821327 -0.742932
2 -2.227109 3.854936
2 2.373691 -4.304536
2 -2.405761 -4.127479
2 2.334076 2.619802
2 2.587451 4.493456
2 -3.127338 -5.106769
2 -2.350160 -4.105701
2 3.460107 -1.328509
2 5.536108 -0.374167
2 -2.640046 -4.694213
2 -2.304032 3.951195
2 -3.773783 0.010244
2 2.671085 5.023793
2 -2.382189 4.024556
2 -3.015061 -5.013986
2 7.402799 0.284881
2 2.443379 -4.560059
2 2.785028 -5.621591
2 -2.683479 4.814424
2 -2.828008 1.042919
2 -1.797589 -3.572038
2 -2.562181 4.631672
2 -2.725021 -4.473035
2 -2.119646 -3.567852
2 -2.752876 -4.674786
2 -2.179626 3.734017
2 5.500378 0.210858
2 -2.898589 4.847062
2 6.331590 0.358391
2 -3.186330 -5.473105
2 -1.732461 -3.584015
2 -2.172041 3.726060
2 0.876825 -3.299186
2 -2.689434 -4.235825
2 -2.378391 4.170471
2 -4.426028 -0.494208
2 -2.434648 4.248409
2 -2.373633 -3.254040
2 -2.468338 4.774726
2 2.407776 4.279983
2 6.597017 0.368442
2 3.911182 0.384692
2 -1.225944 -1.975926
2 -2.073785 3.636199
2 10.304706 -0.337087
2 -2.644626 4.715819
2 3.173798 -1.180007
2 6.715265 0.267272
2 0.136736 -1.563864
2 2.340952 -3.456603
3 -3.333273 2.115757
3 -2.095377 3.753895
3 2.911309 -5.059479
3 2.585151 -4.526047
3 2.509408 4.695452
3 -3.085293 -2.586245
3 -6.194170 0.385026
3 2.169958 -2.757133
3 -3.244185 -5.421021
3 2.952783 4.281661
3 2.795825 4.660725
3 2.040456 4.119506
3 2.717484 4.607347
3 2.607885 -2.866904
3 0.668257 3.480997
3 -2.696353 -4.337818
3 3.115651 -5.411246
3 -4.239228 2.196407
3 -2.362433 -3.976772
3 2.925812 -4.929772
3 2.729811 -4.589849
3 5.137547 0.230255
3 2.827567 -4.953449
3 -2.271419 4.071735
3 1.353666 3.572381
3 2.330609 -4.164310
3 -4.798613 -0.375719
3 -2.969268 -5.126095
3 2.443913 3.183963
3 -4.771458 0.245037
3 0.091824 -3.601702
3 2.632268 -4.492689
3 -2.432966 -3.934754
3 -2.800090 4.607085
3 -1.955880 3.406722
3 -2.548930 -4.256854
3 -7.022057 0.289365
3 2.856003 5.088790
3 2.766027 4.980697
3 -3.048917 -5.174146
3 2.808155 4.632082
3 2.456783 -4.239227
3 -2.963710 -5.105749
3 2.403791 4.539570
3 6.276832 0.216143
3 2.626985 -5.263696
3 3.054477 -5.017171
3 4.574800 -0.398476
3 5.195328 0.273047
3 -1.884870 3.414628
3 -3.299043 -5.651862
3 2.774536 4.358858
3 -2.531309 4.348116
3 -4.583193 -0.602569
3 2.813180 -4.784965
3 5.016954 0.038761
3 4.658617 0.194797
3 2.684696 5.016893
3 6.290627 -0.087220
3 -6.002028 0.032978
3 -2.559932 4.338149
3 0.534917 -3.762516
3 2.574206 4.380535
3 -2.811860 -4.476423
3 7.332148 0.441865
3 -2.821068 -4.690348
3 2.917601 -4.934117
3 -5.318852 0.409612
3 -2.942506 5.070091
3 2.884324 -4.740602
3 2.723968 -4.777546
3 -2.694244 4.563441
3 -2.493439 4.451566
3 2.443135 2.862994
3 -2.551596 -4.528985
3 1.285613 -3.791023
3 -2.328509 -3.281090
3 2.583117 4.468473
3 -2.630720 -4.600754
3 5.819453 0.053813
3 6.154494 0.355788
3 -2.557692 -4.500318
3 -2.977370 5.008062
3 2.842065 -4.669971
3 2.906604 -4.943152
3 2.050464 4.184182
3 2.248965 4.512357
3 -2.665670 -4.806881
3 2.543974 -4.258731
3 -2.026953 3.298410
3 -3.263397 -5.448023
3 -2.971856 -5.090541
3 -5.148217 0.293119
3 -3.014189 -4.944580
3 -5.062171 0.353825
3 -2.718210 3.888694
3 -2.385417 -4.055988
3 2.827528 4.356772
3 -1.553943 -4.003789
3 1.905759 4.344664
3 -3.008260 -4.673469
3 3.034099 -4.949194
3 -2.882465 -5.280931
3 -2.524005 3.962320
3 -6.886437 0.234818
3 -2.576510 -4.031357
3 -2.878066 -4.780130
3 -5.659122 0.367064
3 0.968508 3.859330
3 2.465798 4.381179
3 -2.587278 -4.259068
3 1.942908 4.603704
3 -2.791356 -4.572964
3 -2.559666 -4.431409
3 -6.011004 0.467716
3 3.647355 -1.337615
3 -0.872777 3.022094
3 4.439270 0.029746
3 -4.826264 0.134318
3 -2.927489 -5.189649
3 -2.436661 4.029351
3 -2.574169 4.473765
3 -6.363512 0.276792
3 2.071713 -4.024634
3 2.433168 4.667533
3 -3.145164 -5.342503
3 -2.757114 2.660791
3 2.573695 5.139106
3 2.938978 4.856361
3 -2.602741 4.439572
3 2.433599 -4.207156
3 1.080538 4.010462
3 -2.606495 4.496700
3 -2.650018 3.744428
3 2.438237 -4.303676
3 4.608688 0.209255
3 2.561152 4.665680
3 0.591038 -3.756824
3 -5.384434 0.348851
3 -2.894282 -5.006187
3 -2.642025 4.517324
3 -2.395490 4.090669
3 2.254508 4.559975
3 6.461095 0.313079
3 2.418775 -4.294131
3 2.331816 -4.124218
3 2.549119 -4.228299
3 2.245951 -3.728512
3 -3.295152 -5.148805
3 -0.008489 4.022396
3 -2.680444 4.548036
3 -2.349843 -3.732185
3 -2.246604 4.069306
3 1.898672 3.587831
3 7.550931 0.178502
3 -2.081370 3.852914
3 -2.670715 -4.593685
3 2.297376 3.656597
3 2.036455 4.473533
3 2.817914 -4.995763
3 6.568715 0.253283
3 3.963996 -0.969646
3 -2.144449 3.685581
3 0.326181 3.040468
3 -5.460841 -0.007468
3 2.940882 -4.795232
3 -2.467995 3.903625
3 2.998696 -5.181338
3 -4.500008 0.403285
3 -2.629420 4.501671
3 -5.057600 -0.122201
3 -2.356015 3.780162
3 2.876759 4.866312
3 4.924221 0.201403
3 3.072885 5.094308
3 2.654255 4.873770
3 2.281933 -4.087217
3 -3.027827 -4.906548
3 3.535251 1.588271
3 -3.131129 -4.967768
3 2.510249 -4.483867
3 2.425590 4.982793
3 -2.874307 -4.898873
3 2.343215 3.349782
3 2.391156 -3.567589
3 2.802771 -4.898724
3 -5.525001 0.563560
3 -2.445283 4.105857
3 2.687772 -4.761639
3 2.382256 4.451663
3 -2.639317 4.499143
3 7.337963 -0.216181
3 -2.699880 3.134509
3 2.730651 5.047875
3 2.839286 -4.787315
3 -2.602211 4.537845
3 3.362084 -2.020909
3 0.147581 -3.855875
3 -4.720548 0.056814
3 -2.903233 -5.031687
3 5.323787 0.568685
3 2.149775 4.536400
3 2.808882 -4.828681
3 0.965056 3.541756
3 -2.729221 4.564498
3 3.109833 2.908192
3 -2.009716 -2.660549
3 5.275466 0.199149
3 6.597152 0.064601
3 -2.824444 -4.786355
3 -3.090822 -5.189643
3 2.772952 -4.766327
3 2.705309 4.741430
3 4.876527 0.164018
3 -2.608676 -4.623605
3 3.078840 2.440867
3 -2.321489 4.016563
3 -2.495080 4.052396
3 3.187255 -5.361788
3 -2.413973 4.259304
3 -2.791060 4.914424
3 -4.920780 0.361697
3 2.713516 4.543909
3 2.530531 -4.465488
3 2.388644 -4.198310
3 -5.463318 0.081720
3 0.896100 -3.569457
3 -2.131426 3.962459
3 -3.787814 -0.503379
3 2.975396 -4.936410
3 -1.924309 3.470827
3 0.059423 -3.741604
3 -2.007895 -4.466426
3 6.306815 -0.005455
3 -3.326589 -5.545629
3 -5.906196 0.270798
3 0.971893 -3.589294
3 -6.078943 0.176965
3 -2.890869 -2.099002
3 2.696033 4.217646
3 -2.588553 4.382076
3 2.226798 -3.985043
3 2.954505 -4.886924
3 -2.474268 4.212962
3 6.726921 0.152281
3 -2.697399 4.499418
3 -5.305606 0.330899
3 0.539231 -3.776827
3 -2.484292 4.184342
3 -5.876061 0.346605
3 2.855887 4.100411
3 -2.637054 -4.327749
3 2.130623 4.671988
3 2.392197 4.460906
3 2.791319 -4.542336
3 2.995197 -5.052219
3 2.503754 -4.184158
3 6.311091 0.289469
3 2.173237 -3.639646
3 2.179158 -3.910661
3 -2.414427 4.194399
3 2.760675 -4.535202
3 -2.803516 4.791847
3 2.238575 4.616754
3 5.445652 0.103715
3 -2.343537 4.111475
3 -3.066541 -5.086731
3 -3.173855 2.503327
3 -5.136621 0.225326
3 5.842553 0.023649
3 3.154161 -2.224685
3 2.973875 -2.335109
3 3.025337 -1.218576
3 -5.915689 0.348132
3 -3.156102 -5.262761
3 -2.453906 4.269596
3 -3.080601 -5.357549
3 -2.130475 4.109716
3 2.508265 4.503123
3 2.772916 -4.658770
3 2.513592 5.010069
3 3.283703 1.504745
3 -1.548242 2.672133
3 -3.032678 -5.210609
3 -2.625825 -4.731314
3 -5.565681 0.200429
3 2.206065 4.412237
3 6.367954 0.292580
3 2.799557 5.037087
3 -5.004940 0.185230
3 -2.260647 4.105139
3 -5.538659 0.552950
3 -2.655793 -4.552006
3 -2.930989 -4.802112
3 3.238665 2.155299
3 2.804331 4.347210
3 4.907502 -0.036984
3 -2.361342 -3.881328
3 4.591598 -0.207923
3 2.582307 5.043307
3 -2.947177 -4.867570
3 -3.137694 -4.986653
3 -3.073339 -5.112679
3 6.434993 0.240608
3 2.781840 -4.865173
3 -5.226106 0.307559
3 6.454749 0.004986
3 5.160841 0.077598
3 5.331145 0.320168
3 -5.353946 0.370584
3 2.247693 4.567290
3 2.762856 4.723257
3 2.929658 4.658268
3 5.269066 0.297786
3 -2.512158 4.401525
3 6.329549 0.148806
3 -6.139331 0.295384
3 2.511091 3.367365
3 2.240446 4.701581
3 -5.754305 0.377171
3 2.277514 -3.941687
3 -2.321079 4.136740
3 5.708100 -0.029546
3 -5.110799 0.284648
3 5.838860 0.435394
3 2.834350 4.754908
3 5.493456 0.303559
3 -2.693119 4.491736
3 2.524678 4.770579
3 2.863660 -4.767471
3 3.103893 -5.079617
3 2.388788 4.089320
3 -3.051804 -4.763975
3 0.958066 -3.846150
3 -2.060846 -4.282728
3 3.109172 -5.001467
3 2.402041 4.711029
3 4.749413 0.396740
3 2.898405 4.815486
3 2.444221 -4.309528
3 3.057460 -5.219171
3 -3.854734 1.226841
3 -2.318786 4.454284
3 -2.776693 -5.043079
3 -2.629624 4.393175
3 -2.565006 4.432384
3 -1.752286 -4.201265
3 -0.867172 -4.175861
3 -2.414880 -3.956528
3 -2.522225 -4.169508
3 -2.390462 -4.220510
3 -3.067200 -5.186669
3 5.557574 0.105086
3 2.946944 -4.917775
3 4.704383 -0.381887
3 -2.548999 -4.306123
3 -6.846947 0.523065
3 6.434971 0.675894
3 2.882010 5.127448
3 2.153187 4.527853
3 -1.533529 -1.148639
3 -3.018090 4.962790
3 1.943636 4.501676
3 -2.663234 4.693098
3 -6.702428 0.432536
3 -2.415806 -4.308826
3 -2.988393 -5.208650
3 4.735028 0.157376
3 -5.820819 0.352736
3 -4.027250 -1.009414
3 2.660617 -4.684879
3 -1.320079 3.097117
3 -2.625279 -4.399251
3 -5.447015 0.375183
3 -2.652170 -4.952859
3 -2.415120 -3.581259
3 -3.877541 0.944298
3 -2.908062 -4.577486
3 2.915629 -4.905936
3 -0.432945 -3.930028
3 -6.644271 0.397711
3 2.816435 -3.570307
3 2.825079 4.631498
3 7.471911 -0.186853
3 -2.523996 -4.312176
3 2.638247 4.595333
3 -0.287472 3.759083
3 2.774260 4.654636
3 -2.692885 -4.476966
3 -2.445608 -3.884319
3 2.350797 4.213836
3 2.600844 -4.477595
3 -2.557014 4.395957
3 -2.294967 3.691713
3 2.844519 2.918948
3 -0.997793 -3.848791
3 3.742873 0.488242
3 -2.710345 4.586155
3 5.065160 0.061573
3 -2.757751 2.836035
3 -4.140110 0.516997
3 4.358249 0.592943
3 -3.155295 -5.188578
3 5.588957 0.041197
3 2.781353 4.920008
3 4.787605 0.050513
3 -3.897730 0.685536
3 -2.524835 -4.494664
3 -2.242559 3.081303
3 -3.204790 -5.305310
3 -2.769898 4.886228
3 6.957209 0.302263
3 -4.395326 0.551264
3 2.748969 4.920125
3 5.778577 0.091035
3 2.618428 5.004005
3 4.436946 0.336677
3 7.245217 0.084872
3 -0.048156 3.111091
3 -2.507907 -4.486501
3 3.094914 -5.043415
3 2.775529 4.896118
3 -5.895637 0.190967
3 2.514539 4.969329
3 -3.261591 -5.483488
3 2.517115 4.755011
3 -2.724895 -5.040128
3 2.674194 -4.631945
3 4.264513 1.253795
3 2.471636 4.116983
3 -2.569727 -3.429521
3 2.050232 3.868672
3 2.476841 3.895243
3 -3.011724 -5.241055
3 4.347384 0.389531
3 -2.765630 4.782521
3 1.114501 -3.834815
3 -2.220441 4.029050
3 -2.635617 4.587639
3 -2.774711 -4.695523
3 -2.922185 -4.748655
3 -5.201055 0.517702
3 1.821354 4.153957
3 2.843714 4.922900
3 -5.246938 0.344590
3 2.589747 4.383016
3 -6.489300 0.483201
3 -5.880303 0.388626
3 2.311691 -3.968328
3 2.844582 2.024369
3 2.492194 -4.353821
3 3.090043 5.168344
3 -2.453753 4.203776
3 -5.062781 0.418144
3 -6.303165 0.348773
3 2.195270 4.433256
3 2.667934 -4.611228
3 -5.321757 0.106478
3 -6.944107 0.295590
3 5.338655 0.118375
3 2.575564 4.980902
3 4.480111 0.694629
3 2.920738 4.383962
3 -3.273111 -2.339610
3 2.753325 -4.439234
3 -2.490136 4.392020
3 2.732676 4.839005
3 -2.950591 -5.235395
3 -2.438692 -4.559672
3 2.796648 -4.747842
3 -1.945204 3.505831
3 2.269912 -3.750257
3 -4.175589 0.475757
3 -2.422623 4.280721
3 2.753644 4.820866
3 -6.721764 0.545830
3 -2.947841 5.000050
3 2.384449 -4.199922
3 -3.226015 -5.468389
3 2.126049 -3.606451
3 2.688505 -4.653522
3 2.207747 4.597706
3 2.731626 4.355556
3 2.538828 -4.490816
3 -5.253006 0.575740
3 -2.119735 3.802035
3 2.739938 4.741708
3 -1.438325 3.344888
3 -4.031463 0.840047
3 -6.196760 0.355181
3 -3.341651 2.068943
3 2.725318 4.808328
3 2.614082 -4.614094
3 1.298040 3.747820
3 -3.115551 -5.583426
3 -1.271474 -3.651295
3 -4.259799 0.097897
3 5.895118 0.243826
3 -2.819447 -5.071975
3 -3.224955 -5.443966
3 -1.268791 3.513711
3 -2.627728 -4.465883
3 2.800036 -4.690546
3 -6.553499 0.688080
3 7.116758 0.236189
3 2.601237 4.250079
3 5.810250 0.138933
3 -6.436377 0.377548
3 -5.735883 0.324446
3 -4.782890 0.287606
3 2.623609 4.744533
3 -3.379157 -5.588640
3 3.907090 1.685982
3 -2.625650 -4.537003
3 2.858764 -4.745852
3 2.778494 4.891039
3 3.194321 5.253597
3 2.675870 -4.242248
3 -2.979446 4.953653
3 -2.884456 -2.992009
3 -2.733503 4.754315
3 2.625893 -4.350615
3 -2.331021 3.566289
3 2.299762 -4.226936
3 3.557155 -5.724962
3 8.437026 0.034063
3 -2.552740 -4.503736
3 -2.694052 4.538297
3 2.671634 4.861350
3 -2.455068 -4.194174
3 -2.993834 -4.928432
3 2.871471 4.911506
3 5.998601 -0.159670
3 -6.129968 0.362735
3 4.349216 1.416450
3 2.965340 5.196109
3 -5.489199 0.455206
3 2.495399 4.667688
3 1.511157 -3.193710
3 3.598796 -1.154592
3 -2.460800 4.109720
3 -2.617455 3.168569
3 -4.723075 0.393763
3 -2.296947 4.191757
3 -2.537140 4.497750
3 -2.844859 4.822381
3 3.085930 5.364374
3 0.017740 -4.132431
3 -2.359265 3.900484
3 -5.607695 0.261848
3 -3.936155 1.691277
3 -5.226189 0.309656
3 -3.064266 -4.807439
3 -2.241644 -3.728040
3 -2.920952 -4.698769
3 2.833638 -4.483771
3 1.385418 4.098857
3 3.536075 2.205205
3 2.945532 5.295492
3 2.949034 -4.912454
3 -0.200495 -3.398722
3 3.310249 -2.458428
3 -2.323227 3.997524
3 2.917856 4.986893
3 -2.339292 -3.471416
3 2.157298 4.163941
3 1.979599 4.195805
3 2.821574 4.979422
3 -4.775944 0.505011
3 7.029064 -0.286817
3 2.934456 -4.722755
3 3.167161 -4.953031
3 -2.650014 4.618256
3 -2.671478 -4.649292
3 3.235706 5.367742
3 1.331426 4.297751
3 3.543678 -5.809910
3 3.175000 -5.287120
3 -2.243553 4.034314
3 -2.707107 4.741612
3 5.771123 0.103315
3 -4.863821 0.811607
3 2.152118 3.648901
3 2.655246 -4.527880
3 -2.982444 -4.981726
3 2.907814 4.913352
3 -3.095610 -5.383521
3 -2.356469 4.361921
3 -2.575449 -4.431776
3 3.155633 -5.179872
3 -3.145634 -5.376085
3 2.807592 4.592471
3 -5.508346 0.474409
3 -0.000278 -3.935736
3 6.170709 -0.096767
3 -0.255683 3.561919
3 2.910047 5.033453
3 -2.870164 5.002288
3 2.820820 4.960135
3 -2.338089 -4.199611
3 4.793938 0.493570
3 -2.636074 -4.649385
3 3.728308 -0.190879
3 -2.790255 -4.898870
3 5.397145 0.126749
3 2.996334 -3.578124
3 -2.750768 4.736020
3 8.155532 -0.356992
3 -2.369162 4.217760
3 -2.491880 -4.008036
3 2.738877 -4.507118
3 -2.526753 -4.411911
3 2.844334 4.673018
3 -0.629467 -4.290840
3 0.305678 -2.949462
3 3.548070 -5.700939
3 0.541846 -3.279625
3 -4.326494 -1.095961
3 -2.715250 -4.959900
3 -5.534001 0.321583
3 -4.947842 0.371133
3 2.945868 5.018237
3 3.124751 -4.873565
3 -2.780689 4.761911
3 -2.189104 -4.528858
3 2.539046 -4.079640
3 -2.832701 4.924990
3 2.706620 4.651712
3 2.964444 -4.850860
3 9.723253 0.351485
3 5.203029 0.041980
3 -5.337084 0.557191
3 2.843424 -4.594949
3 2.936234 5.069396
3 -2.307017 4.034454
3 -2.725483 3.399955
3 -2.392276 3.903091
3 4.696951 -0.172994
3 2.955259 4.983712
3 3.808735 -5.876848
3 -6.192002 0.596425
3 3.612323 -5.827675
3 -2.505756 4.033404
3 -2.411211 4.452665
3 5.006711 0.073770
3 -2.842328 -4.933682
3 -2.324543 3.469055
3 -4.412544 0.296745
3 2.723107 4.056698
3 -2.386535 4.400637
3 5.982792 -0.025764
3 -2.803541 4.876665
3 2.682729 -4.599514
3 -5.069777 0.409748
3 -2.823410 -4.723780
3 -2.395203 4.268823
3 -2.475246 -4.231704
3 -2.227154 -3.284768
3 -5.649746 0.190239
3 4.802001 0.502738
3 -2.677938 -4.554820
3 4.076035 0.383553
3 -2.271372 4.010395
3 2.618382 4.857115
3 6.092221 0.120442
3 2.832240 4.991812
3 1.144945 -4.076084
3 2.973200 5.045776
3 1.617700 4.136852
3 5.682207 -0.101221
3 -0.347960 3.763159
3 2.812628 4.883692
3 0.435379 3.481943
3 -4.548189 -0.087602
3 -3.016897 -5.240917
3 -2.411550 -4.488749
3 -5.840448 0.287108
3 -5.425821 0.238405
3 -1.199056 3.658760
3 5.094435 0.213328
3 2.552680 4.390367
3 6.382577 -0.030947
3 2.473820 -4.075652
3 -5.744527 0.167452
3 2.559271 -4.291159
3 -3.189180 -1.893698
3 2.384792 4.561978
3 -2.744166 4.622883
3 2.813614 4.951880
3 -2.475072 -4.545750
3 -5.013809 0.486550
3 -2.356243 4.192291
3 -2.202645 -4.606675
3 3.091122 -5.025244
3 4.180382 -0.854941
3 -2.980977 -2.065441
3 4.838595 0.695006
3 6.390705 -0.152164
3 3.001283 -4.873274
3 2.896438 4.423363
3 2.649565 4.773533
3 -3.431630 -2.047745
3 -3.752671 3.672749
3 -2.608054 -4.581110
3 2.863346 2.949167
3 -6.102028 0.095106
3 -2.737463 -4.823306
3 -2.411546 -3.810670
3 2.955408 -4.891676
3 -7.002861 0.596258
3 2.950583 4.965571
3 2.395747 -4.121398
3 -2.931360 -5.353128
3 2.740722 -4.622352
3 -6.414353 0.373413
3 6.834910 -0.224266
3 -2.994161 1.031365
3 5.786358 -0.083179
3 -2.223204 3.936418
3 -5.944030 0.523089
3 -2.539753 4.234456
3 -2.815226 -4.670292
3 2.847126 4.994409
3 -2.403985 3.893538
3 2.718664 -4.553517
3 -2.684769 -4.604595
3 -2.151595 3.970641
3 3.232400 -5.014796
3 -7.901000 0.236867
3 -6.120536 0.326479
3 -2.795280 -5.034523
3 -2.590513 4.471370
3 -1.967653 3.596226
3 -3.105875 -5.256926
3 3.367826 5.542902
3 -2.610324 4.626669
3 -3.911707 1.054693
3 2.169175 3.399958
3 6.638742 -0.046254
3 -6.573787 0.855899
3 -6.446674 0.262925
3 -4.702548 0.755283
3 2.591273 4.716204
3 -2.740656 -4.889724
3 -5.233063 0.723286
3 2.804428 4.667096
3 -2.870543 -4.931377
3 3.480816 -5.459832
3 2.942163 5.223242
3 -5.331492 0.243009
3 -2.772585 4.660115
3 3.528027 -5.797424
3 -2.954859 -5.193961
3 -4.969367 0.256929
3 2.936565 5.090877
3 -2.668160 -4.537387
3 6.079484 0.044700
3 -2.709533 4.615864
3 -2.535070 4.628060
3 3.492635 1.933031
3 2.971431 -4.866253
3 -2.550506 4.503436
3 -4.855935 0.554554
3 5.030685 -0.082457
3 -1.967797 -4.190904
3 5.506957 -0.234495
3 -2.985640 -5.022605
3 -2.863549 -5.048935
3 -5.947025 0.616194
3 2.768763 4.744454
3 -0.424383 3.624601
3 -2.858870 -4.899633
3 3.059113 4.904745
3 -0.434622 3.994807
3 -0.695633 -3.607889
3 3.471028 -5.558778
3 2.800647 -4.778965
3 -3.055828 -4.849551
3 2.170772 4.200370
3 7.369259 -0.163726
3 -2.860702 -5.131603
3 5.410167 0.075769
3 2.829946 -4.528757
3 -5.479380 0.347208
3 2.884898 4.967646
3 -3.092720 -5.535318
3 2.629551 -4.604914
3 5.354946 0.129377
3 3.571701 -5.569313
3 2.888508 4.341295
3 -0.526755 -4.047811
3 -5.344613 0.161391
3 3.341328 -5.232791
3 2.681268 4.703172
3 2.894000 4.864398
3 5.500843 -0.065944
3 -5.381951 0.016408
3 2.712513 4.906591
3 -2.916798 -4.900700
3 3.058895 5.196455
3 -2.715847 4.732587
3 -2.907660 -5.013844
3 2.714133 -4.355681
3 -5.809948 0.103379
3 -1.939106 3.706775
3 3.012300 -4.844181
3 2.897892 5.099235
3 -2.592397 -4.473217
3 -3.041374 -5.515520
3 -2.438362 4.421045
3 -2.785598 4.796843
3 2.649066 4.536288
3 -2.601823 -4.509654
3 6.240803 -0.151698
3 2.227040 -4.018608
3 -2.233573 3.784499
3 2.586618 4.315005
3 -2.199917 4.016846
3 -3.001666 -5.127445
3 2.024086 4.065677
3 2.400021 4.631817
3 -2.729731 -4.828012
3 2.609979 4.822529
3 -2.500512 3.626265
3 -3.252667 -5.077008
3 -2.060332 -3.496540
3 -2.653468 -4.641492
3 2.763514 -4.653836
3 2.998925 -4.963058
3 3.318481 -5.511762
3 -5.503966 0.245218
3 3.740356 -2.032213
3 2.767648 4.853798
3 -5.699812 0.147748
3 -2.701987 -4.764133
3 3.290116 -5.094557
3 2.570228 -4.249589
3 -2.938708 -4.968919
3 -5.982677 0.258650
3 1.248837 4.083618
3 3.329207 5.387241
3 -4.450397 0.430255
3 5.958640 0.445913
3 3.470485 -5.679988
3 5.931520 0.284000
3 -4.621366 0.655286
3 3.108591 4.771427
3 3.392528 -5.392258
3 -2.615890 -3.417641
3 -3.702104 0.583989
3 2.948344 -4.835265
3 3.834822 -1.612230
3 2.986862 2.924743
3 -3.388687 -5.695499
3 -3.076060 0.493562
3 -2.423887 3.794456
3 -3.942353 -1.538755
3 2.591478 -4.036499
3 2.277025 4.199089
3 4.074623 1.804806
3 6.938577 -0.239616
3 -2.749383 -4.836658
3 3.139434 3.174776
3 -5.768040 0.439025
3 2.554586 -4.091578
3 -2.494435 -4.335008
3 2.706133 -3.420215
3 -2.316038 -3.095335
3 -2.635366 -4.874086
3 5.978629 0.103089
3 6.465642 0.069908
3 2.255970 -3.397425
3 -2.884561 -4.742810
3 -3.678312 0.369245
3 2.740221 4.579265
3 -6.198061 0.498982
3 3.050626 5.221641
3 -5.850677 0.269194
3 -3.012950 -5.099973
3 8.487472 -0.195154
3 -4.864975 0.428064
3 2.976512 5.054917
3 -2.949304 -5.221251
3 -2.352865 4.111112
3 2.882250 4.768627
3 2.396682 -4.349717
3 -4.990538 0.297652
3 -4.403373 -0.148638
3 2.195888 4.257205
3 2.860515 -4.654137
3 -1.553606 -4.033655
3 2.283105 4.625801
3 2.949440 -4.734154
3 -2.816857 4.929605
3 2.510763 4.646894
3 0.276742 3.636117
3 1.707845 -3.322830
3 -3.463053 -5.381836
3 2.887621 -4.465865
3 4.730457 0.507608
3 -0.546208 3.835688
3 2.857261 -4.642459
3 -2.500778 4.042712
3 2.138101 4.076724
3 -6.821684 0.534808
3 -2.078838 -3.508493
3 -2.628707 -4.614201
3 -2.499344 4.296412
3 3.012134 0.790737
3 5.503159 0.127630
3 3.257227 -5.134161
3 3.778596 -6.364548
3 2.828435 5.111966
3 -6.384184 0.195570
3 -2.550143 -4.469182
3 -5.013802 0.429478
3 -2.331773 -4.046320
3 -2.698189 4.727240
3 2.857509 5.137360
3 4.474539 -0.726602
3 2.920011 -4.796843
3 -2.506717 4.247489
3 2.835690 4.884962
3 2.447626 -3.141230
3 2.862171 -4.797407
3 2.969748 -4.947819
3 -5.340424 0.465183
3 -6.275651 0.255273
3 -2.745725 -4.937751
3 -4.721426 0.237735
3 -0.388412 -4.013128
3 2.822661 4.927250
3 -2.130386 4.001927
3 -2.734043 -4.937345
3 -2.477005 4.218596
3 -2.704637 4.693988
3 -2.448174 4.232717
3 -2.100912 -4.300581
3 -3.885074 -0.491641
3 2.970808 5.258316
3 3.034107 5.174105
3 5.554614 -0.001830
3 -2.338406 -4.437590
3 -5.917746 0.293688
3 3.435826 2.300642
3 -2.463402 4.516014
3 -5.287358 0.480451
3 -2.737457 4.608718
3 -2.817982 -4.905192
3 2.775447 4.991632
3 -2.915705 -5.050496
3 -2.361514 4.505195
3 -3.039391 4.033998
3 -2.733457 -4.697251
3 2.843739 4.611394
3 3.382393 -1.376416
3 -2.718339 4.858592
3 2.815601 -4.470716
3 2.815944 4.876926
3 -2.634350 -4.582676
3 2.191606 4.469198
3 -1.972614 3.658700
3 2.330547 -3.988163
3 3.083480 2.785574
3 2.334655 4.529123
3 -2.810483 4.756380
3 -2.106285 -4.425932
3 -5.917408 0.090000
3 -0.328460 0.506802
3 -2.445121 4.104857
3 5.695061 -0.431419
3 -4.962556 0.378553
3 -1.974033 -4.388726
3 -2.454618 -4.553689
3 -3.215876 -5.401616
3 -2.140937 4.090863
3 0.873774 3.837034
3 -2.501796 -4.451283
3 2.182115 4.383809
3 -3.041540 -5.313858
3 -2.860279 4.845607
3 -2.481922 -4.608346
3 -2.829533 2.879570
3 1.571216 -3.832823
3 3.790097 1.647534
3 3.439522 2.298110
3 4.852343 0.913938
3 3.432118 -5.587140
3 3.104902 -1.736292
3 -5.208805 0.598853
3 2.956140 -5.005950
3 2.873752 4.954822
3 2.736202 -4.424263
3 -2.453563 -4.082987
3 -3.014755 -5.127090
3 6.108772 0.021818
3 0.988156 3.795477
3 3.261265 -5.141530
3 -0.378712 -4.319046
3 2.678806 4.912708
3 3.147830 -0.589821
3 -3.029646 -5.025061
3 -2.779692 4.740368
3 -5.171256 0.177638
3 2.152098 -3.557383
3 -3.452806 0.197955
3 2.791816 4.785259
3 -2.345760 -4.322862
3 2.798773 5.028753
3 -6.005474 0.224137
3 -1.802361 3.667276
3 2.842853 -4.778663
3 3.182856 -5.044934
3 -4.852837 0.610440
3 2.877591 4.824580
3 3.026442 5.140570
3 -2.695475 -4.904315
3 -2.416980 -4.529644
3 2.707147 4.875296
3 -2.827880 -4.870192
3 1.164989 2.170493
3 -0.012355 3.615240
3 6.646021 0.097518
3 2.277846 4.640083
3 2.606304 4.662857
3 1.417108 4.219891
3 -2.429930 4.435682
3 2.979976 5.274415
3 2.971225 4.974712
3 2.258631 5.065215
3 -3.871816 2.607435
3 -5.162325 0.143403
3 -2.622075 4.888500
3 -2.787311 4.516683
3 -2.233370 -3.706770
3 -2.136162 -3.746715
3 -2.597051 -4.604544
3 6.289793 -0.009180
3 -2.970495 -5.383124
3 3.042873 -5.181647
3 -2.794343 -4.534435
3 -1.823295 -4.048808
3 2.943888 -5.156884
3 2.588008 -4.647793
3 -0.432980 3.687528
3 -6.747920 0.668726
3 -2.990476 -3.020016
3 -2.623114 4.580021
3 -2.927396 -5.171290
3 -4.987854 -0.075308
3 8.005596 -0.069080
3 2.958824 -5.262838
3 7.135777 0.186385
3 -3.279998 -2.373686
3 -2.909005 -4.894773
3 -6.426735 0.536174
3 2.946734 5.026855
3 3.209549 5.486411
3 -7.204085 0.730700
3 2.252494 3.608144
3 -2.428347 -4.347232
3 -4.745297 0.017175
3 -2.276533 -4.105162
3 -0.557456 -4.125750
3 -3.166353 5.639800
3 -2.546006 4.543542
3 -1.628439 -3.720833
3 2.853091 4.633498
3 -2.399836 4.338051
3 -2.391634 -3.853548
3 2.632794 5.174970
3 -1.274785 3.619544
3 -3.038440 -4.917252
3 -2.422168 -4.489076
3 5.217223 0.490426
3 2.201946 -3.567294
3 -3.235286 -4.953278
3 -3.079178 -5.381018
3 2.591867 -4.385658
3 -3.401271 1.085622
3 5.659750 0.289382
3 3.190715 -5.363343
3 4.930747 -0.076368
3 -2.397754 -3.849520
3 3.034637 5.069973
3 6.201180 -0.150904
3 3.807595 -0.634775
3 -2.927342 5.024824
3 -3.546306 -5.205375
3 -2.481498 4.272056
3 3.623044 -1.298388
3 -2.011884 3.650865
3 1.969595 4.804345
3 -2.803483 4.416791
3 2.746152 4.641873
3 2.678415 4.729297
3 2.848275 -5.121816
3 1.564957 -3.722683
3 5.233423 0.124559
3 3.031070 -5.307933
3 2.711385 4.783558
3 2.856744 5.235806
3 -2.510167 -4.624188
3 -1.915227 3.439069
3 2.125216 -3.720294
3 -3.142020 -5.159218
3 -1.659849 3.286612
3 -6.682592 0.677916
3 -3.022717 -5.311502
3 -1.985766 3.978422
3 5.813813 0.084987
3 2.894821 4.951463
3 3.121829 -5.370656
3 2.471088 5.384619
3 -2.400556 4.464910
3 -3.731940 -1.480945
3 2.387105 5.540133
3 -3.166719 -1.747171
3 -3.211992 -5.482998
3 -2.381928 4.192453
3 2.663495 5.090577
3 3.094680 5.141763
3 -3.999158 2.068614
3 -7.133738 0.492824
3 -2.545207 4.498956
3 -2.753616 -5.087991
3 -1.178754 3.163538
3 -2.627324 4.654288
3 -3.146927 -5.452209
3 2.645443 -4.585416
3 -2.343155 4.126404
3 2.943410 -5.147471
3 3.008836 5.246157
3 2.682538 -4.770416
3 2.877237 -4.935035
3 2.965621 5.447694
3 0.053423 3.225765
3 6.128391 0.085948
3 -6.775825 0.417781
3 2.385174 5.298744
3 -3.079862 -5.208278
3 3.072517 5.002087
3 3.010053 -5.105694
3 2.159279 -4.234687
3 3.034182 4.957006
3 -1.773505 3.478088
3 -1.602036 3.598474
3 3.021610 4.791873
3 -2.570746 -5.144877
3 2.992049 4.490955
3 -5.532611 0.132554
3 3.052821 5.015013
3 -3.605561 0.613622
3 0.219393 3.506790
3 2.913995 5.491428
3 -2.854620 -5.063303
3 -5.312626 0.105237
3 -2.265496 -4.371246
3 -2.578920 4.201963
3 -5.330388 0.257281
3 -6.157866 0.453615
3 7.157470 0.159995
3 5.149331 -0.839466
3 -2.959342 -5.216500
3 5.453694 0.180220
3 -3.087245 -5.376162
3 4.407030 0.776630
3 2.745258 -4.877543
3 -2.532064 -5.365174
3 -2.551774 4.507744
3 3.682554 -1.706912
3 -3.237500 -4.971325
3 3.189486 -5.350142
3 5.976418 0.301367
3 -2.782610 -5.025802
3 -3.241228 -5.004432
3 -3.293700 -5.414690
3 2.881371 -5.064720
3 2.771410 -4.801924
3 -3.503176 1.147732
3 7.038377 0.088021
3 -3.485845 1.986429
3 3.161481 -5.281399
3 4.706872 -1.288604
3 -2.705347 -5.120488
3 3.175800 -5.316985
3 -2.500863 -4.094564
3 -2.582541 4.603867
3 -3.160528 -5.312153
3 -5.305408 0.147478
3 -2.659238 4.473749
3 -1.528257 -4.328617
3 3.084401 -5.435639
3 3.536112 -6.071872
3 1.537356 -4.015433
3 2.207569 4.211950
3 -3.295575 -5.148069
3 0.793725 1.553128
3 -2.218435 3.794541
3 4.695429 0.362409
3 6.244842 0.110672
3 2.876008 4.902616
3 -3.116041 -5.336360
3 -5.853280 0.635479
3 -2.133984 3.856693
3 2.768917 5.403001
3 -6.516492 0.611351
3 2.357569 -4.174229
3 2.666731 -4.731772
3 2.975564 3.069831
3 6.437652 0.169549
3 6.574521 0.262789
3 -2.733399 -4.877578
3 -5.338554 0.201344
3 -2.342252 4.119532
3 -3.075917 -5.225234
3 3.162900 5.079218
3 -3.167204 -2.429874
3 -5.868885 0.381169
3 4.480462 -0.092155
3 -2.895908 -5.113719
3 2.724815 4.803211
3 -6.829156 0.641699
3 -3.036062 5.170395
3 -2.438443 4.371256
3 -2.984641 -4.659945
3 2.352414 -3.972597
3 6.704305 -0.012563
3 2.956857 -5.205486
3 5.104702 -0.015833
3 5.138712 -0.154843
3 -2.899411 -5.194329
3 -5.618308 0.234258
3 -1.698577 -4.034853
3 2.666965 -4.814169
3 -4.990278 0.052142
3 -2.435031 -3.804580
3 -1.997720 3.179503
3 -2.908320 4.974517
3 5.314662 0.018045
3 -2.846177 4.947649
3 -5.730718 0.370521
3 3.246123 -1.056027
3 -4.751485 0.364716
3 -1.993306 3.699871
3 -3.765621 -0.735980
3 -3.259061 -5.196338
3 2.674382 4.703657
3 2.603248 4.336054
3 3.037524 -5.326519
3 -3.672436 -5.231539
3 -2.914466 -5.002852
3 -5.300745 0.319854
3 4.552215 -0.066763
3 5.119874 0.306925
3 -3.289586 1.889735
3 0.582196 3.700790
3 2.228434 4.686209
3 -2.287771 4.168867
3 -5.166293 0.178902
3 2.398878 4.747262
3 -2.895023 -4.769590
3 3.082949 -5.280459
3 -5.634582 0.981829
3 3.836777 -1.269051
3 5.682120 0.311279
3 3.729255 -6.316863
3 2.565151 4.041167
3 3.216802 -5.404058
3 -5.113927 2.020655
3 5.558136 0.352022
3 0.925764 -4.040879
3 2.552219 -4.559487
3 2.318478 4.647724
3 5.517713 0.109081
3 2.836963 -5.033597
3 2.583152 4.475684
3 -2.435004 -4.473691
3 -2.312764 4.139422
3 2.407583 -4.324302
3 -6.008329 0.214937
3 -2.386942 4.256629
3 7.469989 0.130375
3 2.145491 4.670391
3 2.267169 -4.089731
3 -2.164525 4.073105
3 3.020871 -5.216034
3 -6.654946 0.716054
3 2.167726 4.639558
3 2.806570 -4.827215
3 2.872252 -4.939461
3 -3.006591 5.214372
3 2.974764 4.487543
3 -5.442153 0.058992
3 2.762136 5.386853
3 -5.255186 0.084525
3 2.438460 4.906097
3 -1.540657 3.309722
3 -3.005712 -5.136947
3 -2.733373 -5.017192
3 2.312791 -4.138867
3 -2.112427 3.823547
3 -1.978952 3.343703
3 -2.467608 4.409802
3 4.936498 -0.185867
3 2.456299 -3.646468
3 -2.341953 -3.416863
3 2.226871 -4.035765
3 2.523440 -4.583677
3 -2.796911 -5.103813
3 -2.454144 -3.696073
3 -3.334523 -5.514509
3 2.636101 -4.594034
3 2.982625 -5.218930
3 3.971896 0.887504
3 4.685768 0.432997
3 -6.165881 0.318837
3 5.740997 -0.018332
3 -2.355638 4.154349
3 2.287560 4.844062
3 4.882484 0.448436
3 -6.889421 0.676410
3 2.193037 -4.198579
3 -6.638614 0.628764
3 5.336334 0.482232
3 -3.859906 -0.910806
3 -1.642484 3.542398
3 -0.499317 3.096406
3 -6.115223 0.393632
3 -6.280982 0.566404
3 -5.596588 0.155732
3 2.137253 -3.854022
3 2.985881 5.239491
3 2.716394 -4.823734
3 -3.051131 -5.300208
3 3.674569 -6.382578
3 -5.165228 0.433747
3 2.898659 5.162525
3 2.774444 5.018295
3 2.770647 -4.981162
3 -3.232657 -4.714635
3 -2.429378 4.195323
3 2.276288 -3.919523
3 2.420610 -4.306038
3 -7.235208 0.625227
3 5.578579 0.356802
3 2.788096 4.894118
3 3.112232 4.710452
3 -2.419862 4.401340
3 2.348163 5.484133
3 -3.743567 1.662136
3 2.402743 -4.289951
3 -5.152262 -0.131304
3 5.613862 0.220213
3 2.647070 4.773347
3 1.513666 -4.197576
3 -3.010695 5.228147
3 -4.295435 0.279334
3 -2.544951 -4.584509
3 2.853263 4.577106
3 -2.528113 4.567219
3 3.349655 0.868268
3 -3.076600 -5.199625
3 2.275574 4.397183
3 3.031736 -5.218641
3 -2.784660 -5.225595
3 5.271935 -0.334658
3 2.757752 4.863349
3 -5.997083 0.318429
3 2.734716 4.926661
3 -4.748073 0.106190
3 -2.391303 4.326981
3 2.801897 -5.056743
3 2.063173 4.539799
3 4.657101 0.377133
3 -3.067866 -5.228019
3 2.898172 5.071455
3 2.064331 4.008927
3 6.502612 0.044284
3 -2.832372 5.034975
3 -6.088036 0.467580
3 -2.084962 4.000548
3 -2.563959 4.213041
3 2.870953 -4.920216
3 1.480540 -3.296880
3 2.583122 4.715977
3 2.103977 -3.628558
3 1.984959 4.702641
3 1.266741 4.183253
3 -1.741064 -3.457269
3 -2.673099 4.645133
3 3.015624 -5.100278
3 2.777910 -3.727995
3 2.980273 4.998818
3 -2.631613 4.580492
3 -2.928094 -5.035902
3 2.251396 -4.133244
3 1.970283 4.187617
3 -2.772340 -3.278876
3 4.704324 0.008560
3 2.699693 -4.986800
3 2.524511 -4.171367
3 3.013817 3.141894
3 -1.734440 3.686489
3 -3.070833 1.192430
3 -3.002337 -5.045576
3 4.717161 0.772086
3 4.024907 -0.672510
3 -2.321271 4.280020
3 2.101452 5.072035
3 -3.140852 -5.105932
3 2.911109 4.944715
3 -2.815994 -5.309326
3 -6.410689 0.563043
3 2.828588 4.866543
3 -2.918122 -5.247324
3 3.973156 0.513276
3 -2.523546 4.409326
3 5.680314 0.030186
3 -2.769775 4.786278
3 -5.683787 0.332070
3 2.635650 -4.595927
3 4.725233 0.303560
3 -2.944753 -5.181632
3 -2.634058 4.589379
3 2.736575 3.609743
3 5.903795 0.346949
3 -4.449776 -0.876292
3 -3.171926 -5.161699
3 3.141369 4.599113
3 -5.706372 2.005410
3 -2.718974 -3.294968
3 2.702632 5.258723
3 3.514075 -1.329446
3 2.088432 -3.626969
3 2.300077 -4.214242
3 1.902174 -3.588488
3 -0.300885 4.290358
3 5.887090 0.404600
3 -3.000737 -4.932570
3 -2.364902 -2.940619
3 2.504416 3.736919
3 2.327891 -4.316282
3 0.607303 -4.169827
3 -5.451452 0.121489
3 2.687567 -4.800395
3 2.325524 -4.080080
3 -2.789148 4.944815
3 -5.841911 0.343183
3 3.235508 -5.522304
3 -2.406971 4.367782
3 1.602846 -4.075483
3 3.036235 -5.169292
3 -2.707517 4.685917
3 2.314496 3.866847
3 -2.331781 4.127207
3 -3.011328 5.090607
3 6.900007 0.250997
3 2.872705 5.638648
3 3.362024 1.792015
3 -1.203912 -4.358467
3 -2.170910 -3.509507
3 2.594918 -2.887377
3 2.798577 4.911410
3 3.279049 2.935605
3 -2.490355 -3.463172
3 2.399781 -3.878007
3 -2.460782 -5.023003
3 6.133884 0.296122
3 -1.736786 3.188325
3 2.000726 -3.347066
3 -2.738870 4.722655
3 2.830426 -4.868879
3 -5.893516 0.348913
3 2.608876 -4.357269
3 -2.730562 4.898283
3 -3.091087 -4.898788
3 5.770400 0.141184
3 -2.081274 3.962594
3 -3.052858 4.843517
3 2.375582 4.530982
3 -1.704917 3.114705
3 -2.319233 -3.675356
3 2.971098 4.685816
3 0.521306 -3.515447
3 -5.243886 0.238561
3 2.246712 4.481289
3 5.840730 0.105397
3 3.067682 -5.395980
3 2.759124 5.011725
3 -4.759589 0.009191
3 -2.716766 -4.426588
3 -0.068592 -3.244312
3 2.710711 4.542071
3 7.027915 -0.122834
3 3.087249 -5.248684
3 5.753045 0.290111
3 -2.960964 5.045810
3 2.199377 -4.319911
3 -1.761788 0.036229
3 3.047721 -5.153446
3 -6.182142 0.504661
3 5.962414 0.484509
3 3.021979 5.015408
3 -5.423060 0.236094
3 5.301130 0.331579
3 -6.059713 0.529804
3 2.434395 4.033938
3 7.397566 0.100076
3 -6.717331 0.374785
3 -4.825107 0.064197
3 -5.299523 0.051215
3 -2.955138 -5.124224
3 2.597371 5.245964
3 -3.068499 -5.299911
3 -1.869119 3.698689
3 -2.546442 -4.259139
3 -0.254635 4.245886
3 -2.766600 4.824240
3 -0.344473 2.780734
3 2.784419 5.086868
3 1.322329 3.512903
3 2.010731 -3.450595
3 0.483533 3.746246
3 2.576142 -4.543718
3 -5.000774 0.041746
3 2.725572 5.147454
3 -2.861480 1.628702
3 -2.386003 4.362751
3 -4.421427 -0.577766
3 -1.177092 3.613330
3 -3.057739 -5.092429
3 -2.982537 -4.352143
3 0.287895 -4.289762
3 -2.917799 -4.673226
3 2.407947 -4.325767
