0 -5.065520 0.047589
0 -4.911200 0.204071
0 -4.903261 -0.127905
0 -4.804888 -0.143151
0 2.525021 -4.414625
0 -2.456249 4.307800
0 -5.025519 0.002412
0 2.579903 4.401331
0 2.289205 -4.326255
0 -5.100778 0.105187
0 2.480616 4.237349
0 -4.944347 -0.094053
0 -4.997042 -0.006765
0 -2.563770 -4.286590
0 -4.980868 0.081944
0 5.044365 -0.121133
0 2.329252 -4.467772
0 2.447146 4.283011
0 -5.044184 -0.091985
0 2.552179 -4.118609
0 2.501472 4.401606
0 2.581194 -4.351914
0 2.342924 4.367000
0 2.573164 -4.213572
0 2.602439 -4.454106
0 -2.486560 4.250793
0 5.067276 0.113729
0 2.712586 -4.286630
0 2.486549 4.199843
0 -2.573259 -4.304961
0 -2.481905 -4.195666
0 2.512664 4.298954
