1 4.462083
1 -5.432887
1 -6.665565
1 -6.419538
1 4.157364
1 -2.539001
1 0.528963
1 -5.990548
1 4.887347
1 -1.333087
1 -6.584820
1 -4.965550
1 -6.296986
1 0.442777
1 0.054166
1 -5.485242
1 -7.217109
1 1.234467
1 -6.398893
1 7.047918
1 2.144950
1 -7.066694
1 5.995041
1 9.349322
1 12.220324
1 -7.555414
1 -6.526953
1 8.415451
1 7.606355
1 -6.678269
1 -4.644593
1 -2.578779
1 -2.973230
1 8.616404
1 -4.538965
1 7.206919
1 12.029853
1 -5.476041
1 -5.754269
1 8.635366
1 6.212200
1 -6.109092
1 1.283313
1 -6.170135
1 -6.284111
1 -6.105038
1 -6.235348
1 11.805806
1 -7.182174
1 -0.957321
1 -6.488513
1 -7.474000
1 4.876908
1 6.943367
1 -6.510426
1 -7.383399
1 11.390847
1 3.452157
1 9.241424
1 6.953105
1 -6.109195
1 3.683458
1 -5.027600
1 -5.895282
1 -6.305658
1 -1.813505
1 8.943622
1 5.513674
1 -6.171654
1 4.220133
1 -4.213404
1 4.884521
1 5.418160
1 -6.435486
1 3.563028
1 -3.631542
1 -5.811292
1 -0.068161
1 -3.457161
1 -7.237916
1 1.726940
1 -4.000651
1 -1.973479
1 4.387517
1 -0.383486
1 -6.195215
1 -4.863212
1 -4.257738
1 -2.903525
1 -5.042784
1 -2.520444
1 4.035012
1 6.540545
1 -5.901298
1 -5.898435
1 -4.335115
1 -0.626381
1 -4.858325
1 -6.026694
1 -0.733879
1 3.660455
1 5.735288
1 -1.101906
1 -6.091357
1 4.342807
1 -4.472480
1 -6.984310
1 -6.926207
1 -4.617431
1 13.870910
1 7.519475
1 -7.332046
1 5.796866
1 4.305492
1 4.810324
1 -4.886812
1 4.124730
1 -5.219957
1 2.363989
1 -5.995904
1 2.004026
1 4.302712
1 -3.441787
1 -1.245764
1 -4.040228
1 2.410409
1 3.736427
1 -6.203070
1 -6.746393
1 -4.967785
1 -5.546937
1 5.335510
1 -3.077365
1 -3.885846
1 10.095737
1 -3.315473
1 -2.223372
1 -5.555813
1 -2.629189
1 -5.480546
1 3.872693
1 -0.220548
1 -6.612561
1 -1.138112
1 -7.088069
1 -7.183323
1 -7.136374
1 -4.481480
1 -5.721813
1 -8.406952
1 0.725172
1 -7.384682
1 -4.523882
1 7.130064
1 -3.416904
1 -4.219839
1 7.968552
1 -6.261873
1 -3.665252
1 -8.363400
1 -5.842731
1 -7.131042
1 -6.306273
1 1.124769
1 0.005735
1 -6.622647
1 3.733244
1 1.065451
1 3.472617
1 9.034678
1 8.242614
1 -4.492469
1 -2.603803
1 -6.020867
1 -4.061587
1 -6.348895
1 -6.940403
1 -6.407851
1 4.404289
1 5.970330
1 -6.836384
1 0.001055
1 -7.339239
1 -2.335648
1 1.649431
1 -8.612424
1 10.448577
1 6.056305
1 -6.915223
1 -0.588504
1 6.794249
1 -3.843790
1 -6.646665
1 -6.385847
1 9.837825
1 2.380172
1 -3.311290
1 0.272612
1 0.677690
1 -5.874154
1 -6.731968
1 10.135102
1 4.080862
1 0.459628
1 -7.567516
1 -5.239681
1 8.257861
1 5.797001
1 -1.909387
1 6.034012
1 1.340859
1 2.158051
1 9.690322
1 -7.621281
1 -4.408561
1 7.115812
1 -2.212448
1 6.527947
1 6.120290
1 3.740817
1 4.144412
1 -4.774117
1 -6.800605
1 -8.256252
1 -0.233776
1 -5.569795
1 -6.066254
1 -6.408414
1 2.094188
1 11.393013
1 -6.270426
1 -2.506129
1 5.079891
1 7.302677
1 1.409245
1 -6.305326
1 -5.566837
1 1.395843
1 -6.225970
1 -0.472514
1 5.351662
1 -6.063759
1 -6.686108
1 6.800302
1 -6.052372
1 2.258074
1 -6.401177
1 6.887640
1 -5.148351
1 -8.313563
1 5.554497
1 -6.967577
1 -6.003153
1 4.182254
1 6.152649
1 0.250774
1 -5.164124
1 -7.574041
1 10.210626
1 0.188217
1 8.290202
1 -6.092726
1 3.634609
1 3.334375
1 -5.002899
1 -2.304363
1 3.826388
1 4.202238
1 8.077674
1 5.139556
1 -5.809514
1 -6.834350
1 -6.077991
1 -7.276200
1 0.452218
1 1.774247
1 -5.634710
1 -6.535867
1 3.091842
1 -6.021854
1 1.432841
1 4.469305
1 4.407891
1 7.911926
1 -1.109266
1 -6.555831
1 -7.500502
1 -6.467177
1 -5.182132
1 5.789430
1 -6.150651
1 -0.270005
1 2.756969
1 -5.498361
1 -6.102582
1 -4.835501
1 -6.948757
1 -5.817292
1 4.499609
1 5.715415
1 1.813532
1 2.724163
1 -5.271171
1 -2.543238
1 -4.346135
1 11.378435
1 3.584007
1 6.367459
1 1.464316
1 -7.431281
1 -5.751487
1 -7.006134
1 -6.084272
1 4.660213
1 12.070483
1 2.782143
1 3.888322
1 -5.982328
1 -5.380519
1 5.556726
1 3.194098
1 3.950941
1 -7.353148
1 18.568253
1 -0.151568
1 -4.328350
1 7.648250
1 -5.123437
1 3.030401
1 0.908526
1 3.462150
1 -6.460817
1 -6.996233
1 -5.108768
1 -5.816143
1 -3.215991
1 -7.120824
1 4.121202
1 2.927061
1 2.028244
1 6.388087
1 3.063348
1 -7.067441
1 1.108009
1 -7.540282
1 -7.556118
1 10.518975
1 -7.062479
1 -3.534306
1 -2.070975
1 -6.590676
1 6.674857
1 -5.877456
1 0.892097
1 -4.953115
1 1.151289
1 4.179962
1 -2.957146
1 -2.707403
1 -6.265409
1 -6.636385
1 -6.899392
1 -6.694952
1 -6.189894
1 6.068491
1 3.862384
1 -7.009849
1 -6.216833
1 4.406236
1 -4.478176
1 -6.922951
1 -6.145483
1 7.105206
1 -6.176872
1 -0.495513
1 8.570896
1 -4.945240
1 -6.268769
1 -3.970408
1 -5.973659
1 2.854764
1 -6.647383
1 -6.485550
1 -5.972802
1 -6.214243
1 -7.142986
1 -2.683025
1 10.204797
1 -2.122848
1 -4.376596
1 5.461197
1 11.286234
1 -5.795594
1 -1.649315
1 8.773552
1 5.167233
1 -6.637218
1 2.538687
1 0.373709
1 4.057667
1 -6.279164
1 6.389370
1 -5.294463
1 -1.281422
1 4.121033
1 -7.529009
1 5.091825
1 -5.708631
1 -6.286472
1 -4.322540
1 7.391282
1 -0.986216
1 8.711829
1 -3.871592
1 10.705094
1 -5.758770
1 -6.051582
1 -0.646779
1 1.879737
1 6.216064
1 -6.223473
1 10.088241
1 -6.030390
1 -2.790778
1 3.135275
1 -6.744952
1 -6.715411
1 -5.732921
1 -6.487978
1 -6.442898
1 7.892542
1 -0.484441
1 7.977479
1 5.417082
1 5.974849
1 -5.644279
1 -3.806299
1 -4.893810
1 6.010236
1 -6.023758
1 -5.872990
1 4.532863
1 -6.419368
1 6.041056
1 -6.737416
1 0.848393
1 2.668417
1 -2.477375
1 -5.252297
1 -6.096523
1 -6.267248
1 -0.224416
1 -6.206370
1 -2.198340
1 4.088378
1 1.643112
1 -6.377958
1 -6.394781
1 -5.738541
1 2.898683
1 -4.927039
1 -6.884792
1 -3.304688
1 -6.693349
1 3.227724
1 -0.410324
1 5.450458
1 -6.300865
1 6.767512
1 -4.564691
1 2.558353
1 -1.358075
1 -6.395832
1 3.632854
1 5.425780
1 -5.047220
1 -4.970380
1 4.759486
1 3.737774
1 0.066155
1 4.631590
1 -7.322443
1 -5.823682
1 5.616255
1 -3.837872
1 8.217719
1 -3.310337
1 4.907911
1 4.264078
1 -0.996237
1 5.767125
1 -5.869005
1 -6.172972
1 1.187044
1 5.067795
1 -7.136366
1 10.516831
1 -6.513028
1 6.609404
1 -8.180972
1 -6.105340
1 -6.047802
1 1.251154
1 -7.285226
1 -4.639707
1 -0.315652
1 -6.549746
1 5.117957
1 -6.382911
1 9.311898
1 -5.924223
1 12.365978
1 -6.009472
1 7.100422
1 2.509572
1 -5.379365
1 -5.669070
1 6.952109
1 -6.457642
1 -5.686711
1 3.946390
1 -6.793592
1 -6.742109
1 3.429763
1 6.755032
1 10.165557
1 -5.751093
1 -5.471640
1 -5.871813
1 -2.738101
1 -4.701321
1 -3.383861
1 8.766788
1 -0.838798
1 7.203756
1 -5.478544
1 -6.787971
1 -3.878501
1 -4.516498
1 -3.321140
1 -6.167058
1 -3.505751
1 5.873276
1 -1.577959
1 3.785773
1 -3.971705
1 -4.835207
1 -3.831588
1 2.144390
1 11.112931
1 3.128359
1 -4.763032
1 -3.304013
1 1.769175
1 -2.529590
1 2.375681
1 13.234347
1 -3.226647
1 -6.094550
1 -5.388684
1 -5.334602
1 2.936997
1 3.084343
1 2.211784
1 -5.758884
1 -5.367973
1 -4.739461
1 -1.766469
1 -6.649484
1 -6.030281
1 -5.248605
1 0.245847
1 -8.362643
1 -3.149189
1 1.684189
1 -6.992899
1 -6.357378
1 1.702283
1 -5.931097
1 -2.903090
1 2.395383
1 1.467166
1 3.669688
1 10.869081
1 -6.096903
1 -5.139953
1 9.592765
1 -5.731113
1 12.563027
1 -5.832976
1 -6.679027
1 -7.564959
1 -6.286701
1 -6.690808
1 4.488278
1 -4.985345
1 10.170380
1 11.403019
1 3.109347
1 -5.670346
1 -5.927598
1 -5.919529
1 -2.407467
1 -7.049814
1 -7.068635
1 -6.656409
1 3.028652
1 -5.848390
1 -6.495083
1 4.025061
1 -0.705001
1 -3.575198
1 6.802353
1 0.166379
1 -4.694364
1 5.900785
1 -4.555399
1 -6.183917
1 8.211264
1 -5.489398
1 3.275080
1 -6.110149
1 1.395762
1 -2.271355
1 2.675208
1 -6.702845
1 6.561592
1 -6.787321
1 -4.286500
1 -6.601441
1 -7.347852
1 -4.382512
1 3.593223
1 4.085394
1 7.842199
1 2.931485
1 -6.794367
1 6.696062
1 -2.499985
1 -7.161541
1 -5.610119
1 3.203323
1 -7.718299
1 -3.738126
1 -4.332636
1 -6.286965
1 0.998185
1 -5.553515
1 3.699942
1 -5.714655
1 13.056633
1 -4.793746
1 -5.601443
1 5.169860
1 8.254209
1 5.950606
1 -5.504038
1 7.871358
1 -6.288475
1 -6.364305
1 3.531461
1 -7.006492
1 9.510045
1 0.497058
1 -6.083451
1 10.133916
1 -4.922621
1 -6.394638
1 2.350137
1 -6.316345
1 12.423134
1 5.683097
1 4.950981
1 -6.636973
1 -6.553914
1 7.253146
1 -6.290218
1 -6.465400
1 -5.979450
1 3.810148
1 5.743037
1 -6.403637
1 -5.648102
1 -5.605505
1 3.329247
1 3.678271
1 -4.577020
1 6.715548
1 -5.633102
1 -7.077421
1 -3.232568
1 -3.428225
1 -4.412634
1 -6.942593
1 2.464321
1 -5.250235
1 -1.045647
1 6.221513
1 -6.031786
1 -3.064116
1 -0.664382
1 5.455939
1 -3.536275
1 3.156344
1 -2.924024
1 -1.075112
1 4.488316
1 5.911001
1 7.536953
1 -5.150765
1 -3.337215
1 1.077754
1 -5.197902
1 -2.446522
1 5.482298
1 6.231349
1 -7.465736
1 -5.592330
1 4.205736
1 3.181763
1 5.686574
1 -3.060429
1 -4.643890
1 -6.062801
1 -6.943903
1 -0.941736
1 -7.981440
1 4.118298
1 4.220638
1 -6.842520
1 1.701702
1 15.840330
1 -1.687713
1 3.179293
1 -2.250217
1 6.843718
1 -1.524083
1 -5.331723
1 -5.943124
1 -4.285089
1 -4.543630
1 5.641891
1 -4.773506
1 -8.719538
1 0.467629
1 3.349824
1 9.885247
1 -2.801630
1 -3.431629
1 -7.153459
1 8.074786
1 -6.686185
1 -5.053473
1 -4.493229
1 5.343549
1 12.173081
1 -6.516949
1 0.773144
1 -5.930310
1 5.184582
1 5.184697
1 6.236506
1 2.475826
1 1.135735
1 -2.058040
1 -6.076400
1 2.767041
1 -5.217968
2 1.389919
2 6.414309
2 6.023884
2 8.274570
2 -6.092623
2 6.178439
2 -6.150836
2 -5.281215
2 -6.850786
2 -6.510707
2 -3.831753
2 -7.495120
2 -6.243201
2 3.951972
2 -6.562385
2 -6.260656
2 -5.799804
2 -3.431395
2 -6.239383
2 -4.773776
2 -5.966737
2 -6.092616
2 -4.976033
2 -5.783053
2 -5.938134
2 3.690088
2 -2.435727
2 -7.100837
2 9.902671
2 -6.044887
2 -5.288600
2 2.703328
2 -5.248752
2 -0.583441
2 -6.168553
2 -2.826100
2 5.335069
2 -4.261410
2 3.060070
2 11.050555
2 3.506505
2 -7.047675
2 -6.453782
2 -5.785838
2 -7.299583
2 9.368565
2 -6.241181
2 -5.859251
2 8.005707
2 -2.111368
2 4.152546
2 -6.714365
2 5.078179
2 -5.221250
2 7.241950
2 6.252132
2 -3.849510
2 2.577865
2 2.112690
2 -6.253429
2 -7.655550
2 -6.596907
2 -5.840808
2 5.450247
2 5.365783
2 -6.236795
2 -6.727234
2 -5.645634
2 -3.881855
2 -3.414911
2 -2.031242
2 -1.369493
2 6.955042
2 3.759081
2 9.897601
2 0.143137
2 8.356825
2 -4.165507
2 -6.853307
2 -5.612843
2 -4.358830
2 -6.135726
2 -5.825954
2 4.216845
2 -5.301106
2 7.850992
2 -1.623741
2 9.141770
2 -5.658016
2 -7.127281
2 -5.726116
2 -6.222531
2 -6.491439
2 -5.749396
2 -6.139463
2 -3.361893
2 1.896344
2 -7.094866
2 -6.518076
2 -5.914687
2 5.216562
2 -5.322721
2 3.111349
2 -4.502200
2 8.270023
2 -6.588964
2 1.795022
2 -5.310199
2 2.193200
2 0.567194
2 4.840126
2 9.030312
2 3.323897
2 1.126954
2 9.783424
2 7.858178
2 10.168924
2 7.977207
2 -6.542204
2 3.062026
2 -6.633764
2 3.848423
2 -2.053834
2 6.446373
2 6.683241
2 1.807488
2 -3.823461
2 1.166327
2 -4.824252
2 8.086013
2 2.864662
2 -3.362344
2 -5.752580
2 -3.726898
2 4.483438
2 -7.450155
2 -5.882798
2 9.501143
2 3.433918
2 -5.953546
2 -0.881707
2 -2.798079
2 0.449498
2 -1.020348
2 6.487418
2 0.366779
2 1.834735
2 3.642870
2 4.221217
2 0.020215
2 4.283207
2 -5.581640
2 10.807751
2 11.078833
2 -4.456429
2 -5.698366
2 4.752985
2 -6.908967
2 -0.394305
2 -6.629575
2 -3.786223
2 -5.549755
2 1.780308
2 -6.499388
2 -2.133628
2 -5.131263
2 6.738885
2 -5.620467
2 -6.817389
2 5.412808
2 -3.401567
2 0.037650
2 -5.315479
2 4.565917
2 -0.602787
2 7.746969
2 -4.438673
2 2.324839
2 -2.607471
2 -1.023560
2 -3.121933
2 8.071291
2 -0.530951
2 5.750456
2 -7.022856
2 -2.143921
2 -4.359614
2 -3.661927
2 -1.697596
2 2.444888
2 4.341169
2 11.645647
2 5.037114
2 -5.488468
2 8.593043
2 4.272476
2 -6.838616
2 -5.817795
2 10.296066
2 1.587513
2 -3.991225
2 14.959661
2 6.346458
2 2.711780
2 -7.131446
2 -4.091354
2 -5.187131
2 -6.814056
2 -7.250549
2 -6.993286
2 -7.595387
2 -6.186472
2 1.120019
2 0.482166
2 11.719542
2 2.281285
2 -5.774113
2 -2.207780
2 -6.547310
2 4.602346
2 2.664213
2 -7.455791
2 -7.017114
2 -5.394123
2 1.556085
2 4.088876
2 -6.957092
2 5.361617
2 -6.284235
2 -6.835321
2 -5.320750
2 -5.290289
2 -1.493694
2 -3.900990
2 4.594330
2 -2.907750
2 12.695242
2 -5.199047
2 -5.389236
2 3.166858
2 7.103494
2 -3.571138
2 -1.555553
2 -6.618440
2 -1.258301
2 -6.434145
2 3.085980
2 5.914983
2 -3.034118
2 -6.059462
2 -6.195171
2 -2.466399
2 -5.004092
2 -5.846072
2 -6.254543
2 -5.601833
2 -7.210290
2 -5.914517
2 -7.061621
2 -4.999219
2 3.385803
2 4.338906
2 -3.758621
2 -6.323323
2 -8.029380
2 -5.904232
2 3.437281
2 -0.929178
2 -2.689130
2 -6.915071
2 -6.630427
2 0.609334
2 -5.586778
2 6.193445
2 -7.267098
2 -0.296849
2 -6.045350
2 -6.888612
2 3.298815
2 -5.229032
2 -5.504497
2 -2.145031
2 10.097803
2 -6.081912
2 -6.404605
2 -7.560524
2 4.153130
2 2.649687
2 11.250054
2 4.996811
2 -2.806819
2 10.058105
2 -5.855583
2 3.767152
2 2.324576
2 -6.594331
2 10.203694
2 0.401076
2 7.063944
2 -3.087269
2 -1.391095
2 -0.928090
2 4.386107
2 -3.801479
2 -6.742875
2 -6.620170
2 -6.433997
2 3.097022
2 -6.195043
2 -4.195787
2 12.653304
2 3.758828
2 -7.193563
2 -6.214024
2 8.221006
2 -5.630482
2 -5.801628
2 4.670500
2 9.014671
2 -5.766741
2 -3.925604
2 8.048508
2 3.729204
2 -6.197524
2 -5.376998
2 -6.018024
2 -1.805004
2 -6.682041
2 -7.194422
2 -6.601863
2 -3.443529
2 -7.267601
2 0.045383
2 -6.073971
2 -6.732403
2 5.684698
2 6.360614
2 -3.294292
2 -5.050668
2 -6.842025
2 3.942766
2 -5.930655
2 1.718287
2 13.612786
2 -5.555342
2 -0.860609
2 -5.980504
2 -2.970550
2 6.764960
2 -2.626766
2 -5.530806
2 4.172287
2 -0.792970
2 -6.255015
2 8.244373
2 1.786060
2 -5.182080
2 -5.876808
2 -5.862303
2 -5.475553
2 -3.946776
2 -4.335645
2 6.824372
2 -2.771798
2 3.475395
2 1.396988
2 -5.700524
2 5.188447
2 0.102683
2 7.190879
2 -3.835140
2 5.428472
2 -6.937763
2 7.968555
2 -5.630373
2 3.803226
2 -7.072186
2 5.552924
2 -5.088568
2 4.795085
2 3.384784
2 -6.698554
2 5.490039
2 -4.181767
2 -7.813687
2 -2.129926
2 0.027720
2 -6.734213
2 -7.221549
2 -3.943897
2 0.278672
2 -3.510285
2 10.334486
2 -7.399343
2 -5.650186
2 -5.451364
2 -3.234300
2 4.967062
2 2.814320
2 10.764706
2 -1.160298
2 -4.933101
2 -5.455322
2 1.778350
2 -6.870966
2 -5.440353
2 -8.543640
2 7.972766
2 9.123362
2 -6.673840
2 -5.806994
2 -5.326583
2 -2.178767
2 -7.024357
2 -6.054807
2 8.711115
2 12.673111
2 -7.747628
2 -0.377104
2 -5.993098
2 -6.289543
2 3.131702
2 -5.428952
2 -7.909014
2 -5.024584
2 -2.357339
2 6.782680
2 -5.403416
2 -5.707193
2 -5.439664
2 -3.763994
2 -4.803249
2 8.357754
2 0.122572
2 4.768979
2 -6.266380
2 3.973455
2 5.556762
2 -3.086453
2 -5.523935
2 -2.902352
2 4.338850
2 0.081670
2 5.426097
2 3.367106
2 -5.205582
2 5.592505
2 0.008402
2 5.478455
2 -4.318061
2 7.574515
2 -5.716623
2 -2.691024
2 2.233033
2 2.373650
2 5.946243
2 -1.483279
2 -3.357564
2 6.594950
2 14.888669
2 -0.951880
2 -2.810163
2 -7.082276
2 -0.290466
2 5.142527
2 2.869175
2 -2.687279
2 2.229779
2 5.938391
2 4.833392
2 -4.915141
2 7.518525
2 3.819172
2 -6.959033
2 -5.564391
2 -2.740724
2 -1.568545
2 2.030080
2 -7.029780
2 2.103145
2 -6.853801
2 -2.989092
2 3.125933
2 0.075515
2 -3.408106
2 -3.502062
2 -6.544267
2 -3.672343
2 2.294225
2 6.331019
2 -4.165825
2 9.283782
2 -1.729212
2 5.025452
2 -1.528299
2 -6.067466
2 -6.895041
2 -7.066849
2 -2.445569
2 -5.300662
2 4.920109
2 8.625154
2 4.341945
2 1.762334
2 14.125751
2 -4.345189
2 -7.244007
2 -3.605505
2 -6.104506
2 0.587956
2 -0.074648
2 6.823351
2 -7.543515
2 -3.409301
2 0.813243
2 -3.065426
2 -2.253413
2 -6.538946
2 -5.496832
2 2.764027
2 -4.608912
2 -6.094653
2 -5.395525
2 2.520745
2 0.088410
2 -6.739541
2 -2.159268
2 2.636837
2 -7.286798
2 -6.486170
2 7.429939
2 -6.439013
2 4.560553
2 0.473837
2 5.652206
2 -5.956210
2 -6.574641
2 -2.127977
2 -6.922691
2 -7.153458
2 -6.285998
2 -2.944551
2 -7.399884
2 -1.837732
2 4.409460
2 -6.342413
2 -3.123015
2 1.856829
2 -7.020436
2 12.478199
2 -6.546867
2 -3.631828
2 11.646090
2 1.785798
2 -3.807252
2 -0.683430
2 -0.882262
2 -4.869359
2 -1.801498
2 5.265802
2 13.996445
2 3.268486
2 -6.159203
2 -0.976162
2 -2.740001
2 8.251063
2 2.912506
2 2.904116
2 -7.728012
2 7.108089
2 4.581989
2 -4.400417
2 3.291034
2 -2.670575
2 6.496795
2 3.027709
2 3.115431
2 1.286046
2 1.788575
2 -5.852140
2 -5.311697
2 0.152287
2 -1.092420
2 -5.558897
2 0.387553
2 -5.869295
2 -7.253482
2 -2.064898
2 -7.068646
2 -5.577906
2 -2.392501
2 -5.710062
2 -5.644872
2 -6.701077
2 -6.550572
2 -2.597717
2 6.344966
2 5.520128
2 -6.391456
2 3.232375
2 3.486393
2 5.586238
2 5.353281
2 4.066953
2 -2.367088
2 -5.001487
2 -6.145978
2 -4.893425
2 5.200915
2 -6.121709
2 7.022619
2 -3.420042
2 -5.789194
2 4.134173
2 -7.319118
2 4.202491
2 5.310122
2 -3.609527
2 -6.550107
2 -3.593650
2 -7.122983
2 -6.578471
2 8.603825
2 0.079514
2 -7.765373
2 0.711328
2 3.037768
2 -4.584729
2 0.536830
2 9.785040
2 2.478380
2 -6.280659
2 -6.034906
2 5.240611
2 6.763412
2 6.676635
2 3.479911
2 7.549136
2 2.730841
2 -3.821479
2 -5.778531
2 -6.582075
2 6.121404
2 -8.155874
2 -2.814115
2 -6.507402
2 5.530374
2 -6.387830
2 -5.059298
2 -6.328999
2 1.721934
2 -8.131735
2 3.908158
2 -7.532585
2 -5.806415
2 4.273724
2 2.304748
2 5.859585
2 -6.063523
2 -6.696161
2 -7.145907
2 2.257640
2 0.964701
2 2.617981
2 -7.176155
2 17.325506
2 -4.129993
2 -5.018666
2 -6.440633
2 3.534906
2 -7.064914
2 -5.078299
2 3.769264
2 7.764107
2 -5.917983
2 2.688625
2 4.114391
2 -6.503377
2 9.705805
2 8.313637
2 2.222593
2 3.937532
2 -5.613563
2 0.685786
2 2.571719
2 6.652174
2 7.605848
2 -4.631354
2 -5.336019
2 -3.928577
2 11.312544
2 -6.494827
2 -1.488402
2 -5.483384
2 -4.464807
2 -7.363318
2 5.728243
2 -4.684578
2 -2.271865
2 -7.086981
2 -6.367147
2 -7.161856
2 -1.070343
2 -5.645176
2 5.220652
2 -6.568142
2 1.025415
2 10.668250
2 7.052359
2 -0.356503
2 2.904941
2 -0.698675
2 -5.648002
2 -4.557649
2 2.062530
2 -7.694955
2 -2.441810
2 16.236832
2 3.695756
2 -5.796250
2 -3.077565
2 5.326618
2 0.116325
2 9.857117
2 -3.485616
2 -6.769436
2 6.534779
2 1.904947
2 -6.593815
2 8.893153
2 2.818239
2 10.849636
2 -7.084405
2 -3.283626
2 -5.590493
2 2.656434
2 -5.321794
2 -6.479517
2 5.408886
2 -2.864011
2 2.151950
2 2.814730
2 -6.289586
2 -3.269136
2 1.449108
2 2.986697
2 6.370897
2 -5.231567
2 -4.809490
2 -8.134850
2 -5.047618
2 -0.584634
2 -6.013119
2 4.195052
2 -5.537504
2 -0.532743
2 -1.753854
2 11.439765
2 1.588298
2 -7.300457
2 -2.905935
2 2.640598
2 -7.581101
2 -5.617330
2 11.587912
2 0.681559
2 -5.345671
2 -5.776285
3 -4.248405
3 3.842169
3 2.685810
3 7.647216
3 -6.207522
3 4.989201
3 5.897984
3 -4.723810
3 -7.135375
3 9.562665
3 -6.767481
3 -6.450243
3 -6.254951
3 -2.334197
3 -6.511827
3 -5.367185
3 -6.161024
3 3.006100
3 4.963123
3 7.071187
3 -3.947012
3 6.093543
3 5.630797
3 -6.550502
3 6.985818
3 -0.081255
3 -7.992622
3 -8.074910
3 -4.643986
3 6.776711
3 7.441512
3 6.957254
3 5.017101
3 -5.794564
3 -6.229351
3 7.890307
3 4.887627
3 -6.101832
3 -6.550265
3 6.456946
3 -6.210299
3 -5.854385
3 -5.536540
3 -6.243357
3 4.021257
3 -4.744991
3 -5.797125
3 5.426307
3 -6.050788
3 -6.553266
3 4.078415
3 -5.631931
3 3.002195
3 -6.641218
3 5.739822
3 -6.200192
3 3.204873
3 1.920538
3 -5.980556
3 7.894526
3 -5.775139
3 -6.809150
3 -5.919962
3 -5.975208
3 8.195785
3 5.452730
3 -6.347072
3 8.842387
3 6.360479
3 -7.561243
3 -6.660209
3 -5.948845
3 -6.869998
3 -5.695488
3 5.080496
3 6.085717
3 -6.114054
3 -5.546331
3 -2.424827
3 -7.679996
3 -5.784754
3 5.686625
3 -5.498358
3 -4.141175
3 5.676301
3 -5.027621
3 -5.031652
3 -5.997751
3 -7.581721
3 -7.265120
3 -5.613491
3 -4.747307
3 8.528632
3 3.282621
3 0.338913
3 7.654873
3 6.743531
3 -6.517852
3 -1.560078
3 2.766674
3 3.650934
3 -4.323032
3 -7.582743
3 -6.132096
3 -5.506119
3 -4.724364
3 -6.470757
3 1.765420
3 1.275460
3 4.549682
3 -4.019696
3 6.313147
3 7.550648
3 -6.247921
3 7.298277
3 3.474921
3 -2.900698
3 7.953932
3 -6.839193
3 -7.257116
3 -1.044155
3 -6.448979
3 3.698833
3 7.265281
3 -8.044188
3 6.331013
3 4.656569
3 -7.289539
3 8.261462
3 -4.434186
3 -7.551237
3 -3.675712
3 -7.295629
3 -6.985567
3 -5.941407
3 -3.734191
3 -4.559154
3 -5.937678
3 -3.035205
3 0.316443
3 5.762091
3 -7.709036
3 -6.476505
3 8.334267
3 -5.338116
3 6.565780
3 -4.923906
3 7.009491
3 -5.469197
3 6.804983
3 -5.352912
3 -7.539646
3 7.751493
3 -7.004855
3 6.012420
3 -7.683250
3 -5.631469
3 -6.951403
3 -5.154162
3 -2.206211
3 -5.540000
3 -7.180350
3 3.806973
3 -6.678679
3 -7.794193
3 -5.429520
3 -2.481852
3 6.780080
3 5.083070
3 -4.911024
3 -1.592670
3 -6.364806
3 5.456325
3 5.936641
3 4.121504
3 5.784943
3 5.010108
3 -6.517979
3 -3.265474
3 -7.972889
3 -7.657529
3 5.965000
3 -2.415033
3 -0.850812
3 9.219165
3 9.878049
3 -0.668380
3 -4.486720
3 -6.949332
3 7.438062
3 -6.850828
3 -6.583129
3 -6.549448
3 -2.152416
3 -5.090858
3 5.186011
3 7.517337
3 1.138285
3 6.564327
3 -1.621219
3 2.910756
3 -2.182184
3 -6.846115
3 -6.415545
3 5.517653
3 -6.434888
3 5.034667
3 0.983822
3 -5.873554
3 -6.484427
3 3.691389
3 6.088761
3 -7.456355
3 -6.592028
3 -7.622371
3 2.783729
3 4.860929
3 4.594440
3 -5.825318
3 0.560839
3 -3.582622
3 7.929671
3 -8.595119
3 -5.008009
3 -5.646003
3 4.933215
3 3.632691
3 -6.077653
3 5.873077
3 -6.120152
3 5.344900
3 -0.863912
3 -6.870910
3 -6.164442
3 3.564790
3 2.091521
3 3.454855
3 -6.430490
3 10.255960
3 -6.625690
3 4.525066
3 6.589229
3 -6.467100
3 3.801627
3 1.888136
3 -4.125762
3 -6.076265
3 6.917856
3 6.904738
3 3.667506
3 5.891647
3 -1.259296
3 -4.958210
3 5.409801
3 -4.842387
3 5.180220
3 -6.343119
3 8.228294
3 0.265433
3 -8.286961
3 1.812313
3 -4.490848
3 -6.792480
3 8.903956
3 1.557910
3 -7.305821
3 -6.423969
3 -6.555788
3 -6.934166
3 -5.740793
3 9.504464
3 5.655113
3 3.409049
3 0.413211
3 9.516259
3 -1.595578
3 5.484962
3 -6.526681
3 -5.422378
3 7.629426
3 -0.166139
3 9.767853
3 8.897677
3 8.153053
3 -5.969185
3 6.494399
3 4.263883
3 2.967666
3 7.911618
3 -6.141639
3 -6.028231
3 6.185791
3 -7.217002
3 -1.547610
3 7.131984
3 -5.510192
3 -5.709258
3 -5.068685
3 -6.940920
3 -3.796663
3 -6.080346
3 5.233708
3 -5.572215
3 -6.547414
3 -5.541017
3 7.435803
3 -3.894688
3 -5.007243
3 -7.305094
3 8.771668
3 -6.242236
3 5.606836
3 -7.161233
3 7.733840
3 -6.237566
3 -5.824328
3 -5.882303
3 -2.243153
3 -6.822095
3 6.815578
3 -3.719675
3 5.995417
3 -6.610022
3 -5.390059
3 -6.566098
3 9.390759
3 -6.644257
3 4.407811
3 1.693146
3 -5.755082
3 -2.703585
3 4.815703
3 -7.152183
3 3.162305
3 6.261760
3 -5.955757
3 7.369733
3 -6.809902
3 -5.733669
3 2.745893
3 -5.874221
3 -2.990658
3 4.047493
3 4.022993
3 2.719182
3 9.780911
3 11.290771
3 5.178810
3 7.452083
3 7.243688
3 -6.277925
3 -4.765985
3 1.898218
3 -3.444992
3 -5.580928
3 4.502690
3 5.815416
3 -6.236025
3 -6.022317
3 6.695533
3 -6.762584
3 -5.629811
3 3.843409
3 -6.406089
3 1.460002
3 -3.229970
3 -5.831087
3 -5.494075
3 5.566279
3 -6.127114
3 2.794599
3 -5.591148
3 -5.976917
3 7.679907
3 6.290104
3 6.318659
3 -5.870825
3 2.630125
3 -5.841977
3 -5.257130
3 5.816140
3 -5.708330
3 -4.552520
3 4.952259
3 -4.509333
3 6.349761
3 0.253386
3 -9.505603
3 -6.423988
3 -4.641866
3 -5.320386
3 8.793176
3 6.171868
3 -7.661445
3 -6.879678
3 -5.372718
3 -5.687374
3 0.112730
3 0.677825
3 -3.137707
3 -6.166489
3 -2.584846
3 -4.789481
3 -6.478731
3 1.665241
3 1.762427
3 -5.995180
3 7.497728
3 -2.590017
3 -7.967945
3 0.305589
3 2.790079
3 -5.819066
3 -5.163750
3 -6.772218
3 2.896893
3 -0.290091
3 3.900026
3 -4.434636
3 2.175745
3 -6.954840
3 -2.518429
3 -2.411719
3 -1.752710
3 -7.045607
3 3.905631
3 1.283064
3 2.753721
3 -3.944694
3 1.370799
3 -3.886583
3 -5.887914
3 8.079181
3 -5.344599
3 -0.002947
3 -5.940146
3 -7.174451
3 2.765314
3 3.917514
3 2.002282
3 -6.060701
3 6.642140
3 -5.677466
3 -6.369243
3 -7.425711
3 2.734790
3 3.744678
3 10.924937
3 -7.576058
3 -5.659019
3 6.781332
3 -2.549713
3 -7.758166
3 -6.383491
3 3.720725
3 -1.956855
3 -3.488348
3 -5.680609
3 -3.720332
3 -6.000595
3 -6.311210
3 -7.257477
3 7.245090
3 -6.047641
3 -4.724185
3 2.840688
3 1.236897
3 -5.579426
3 -6.016484
3 6.134765
3 -6.379206
3 9.002162
3 -5.278966
3 -6.677036
3 0.699438
3 5.029939
3 -5.812120
3 3.787549
3 -6.057548
3 -6.920392
3 6.365944
3 -6.124321
3 10.224172
3 9.402774
3 -4.211567
3 -5.646888
3 7.449653
3 5.995476
3 7.255744
3 0.508156
3 5.247225
3 -3.665727
3 -6.478999
3 -6.785386
3 -7.201181
3 -3.496115
3 -7.345308
3 -5.744564
3 9.018575
3 -1.243480
3 8.540830
3 0.748966
3 4.316404
3 -6.676847
3 3.562936
3 -4.746112
3 -0.648801
3 -5.427056
3 -6.848663
3 -4.608838
3 4.367866
3 -0.765674
3 2.527603
3 2.910322
3 -3.510949
3 -6.819155
3 7.589432
3 -7.012094
3 -1.041599
3 0.668714
3 5.750486
3 -7.882643
3 -5.866027
3 -0.218159
3 6.949271
3 -6.046663
3 -7.286203
3 -0.629501
3 -5.367976
3 8.783448
3 6.897161
3 -6.068040
3 -2.854097
3 7.787825
3 -6.459264
3 -6.556433
3 -6.052158
3 -6.328000
3 -6.937944
3 4.378610
3 -6.514057
3 6.882300
3 -8.058836
3 -4.383254
3 -7.342572
3 -1.968581
3 8.120987
3 -3.383036
3 -5.929046
3 -5.855110
3 -5.883915
3 8.321881
3 5.317380
3 5.380553
3 -7.335384
3 5.083818
3 7.226733
3 -4.777688
3 -5.881974
3 3.045105
3 5.381734
3 -5.203907
3 -4.093300
3 -7.096383
3 -6.249631
3 -6.229484
3 5.889578
3 -4.592253
3 -3.250566
3 4.189106
3 -0.971099
3 2.341912
3 2.917426
3 2.271125
3 5.772167
3 -0.121510
3 8.870799
3 -6.785746
3 3.019990
3 -6.277640
3 -7.734057
3 -5.621361
3 -6.916680
3 -6.039223
3 -0.525626
3 -6.139454
3 -6.276816
3 7.031111
3 1.886820
3 -4.414779
3 -5.481839
3 2.504593
3 -6.796557
3 -5.775824
3 6.337255
3 5.255105
3 3.595864
3 4.088125
3 6.710340
3 -1.372533
3 10.529014
3 -0.223765
3 4.532997
3 -6.420845
3 -4.504875
3 5.361252
3 4.418257
3 -7.211947
3 -6.277818
3 -6.282294
3 6.483313
3 -7.067256
3 -0.954374
3 4.168714
3 -7.887856
3 -5.680787
3 8.020267
3 -0.715223
3 7.657785
3 -7.461101
3 -7.124177
3 -5.560501
3 6.423764
3 6.421336
3 -8.520362
3 9.664753
3 -6.239714
3 -8.069771
3 -4.356716
3 1.754724
3 -5.768466
3 -4.840360
3 -5.686190
3 5.853751
3 4.790416
3 -7.602766
3 -7.320083
3 -7.969658
3 -7.228196
3 -5.856724
3 -6.487649
3 4.958286
3 -2.830770
3 6.030285
3 3.096103
3 5.906337
3 -4.673096
3 9.946515
3 -5.752953
3 -4.911579
3 -7.573514
3 -2.768384
3 -7.859119
3 -1.098021
3 2.522064
3 1.177698
3 -6.713031
3 -7.647879
3 4.976323
3 7.438094
3 2.676031
3 7.933001
3 -3.639614
3 -5.815803
3 3.785787
3 -5.089934
3 4.833676
3 -0.193853
3 -6.497599
3 -6.339004
3 -3.663001
3 -1.796471
3 1.289089
3 -6.909970
3 5.211951
3 -6.958557
3 3.427372
3 -5.471093
3 -7.589769
3 -4.385080
3 -2.353720
3 -7.930315
3 -2.852686
3 7.584809
3 7.668452
3 -6.550837
3 -0.060328
3 -6.819691
3 -5.866579
3 8.030148
3 -7.371073
3 -5.363738
3 -6.657677
3 -2.150494
3 -6.625136
3 -6.065202
3 -6.725775
3 5.188048
3 7.823945
3 4.247612
3 -8.267684
3 3.201694
3 6.815015
3 6.759423
3 -4.628438
3 3.387768
3 -6.246397
3 -6.802247
3 -5.511919
3 7.433550
3 -6.382468
3 3.870030
3 0.527097
3 7.656233
3 -4.093643
3 7.318929
3 -8.140233
3 5.746472
3 -5.466663
3 -2.941229
3 6.240628
3 5.723085
3 6.688976
3 -1.003661
3 -0.451327
3 5.712663
3 -5.799373
3 6.293526
3 -1.645362
3 5.105241
3 -1.694063
3 -0.246412
3 -5.697741
3 6.440196
3 -8.120481
3 7.154452
3 5.660098
3 3.372927
3 -7.414987
3 -6.531734
3 8.754204
3 7.213058
3 2.658745
3 -5.182518
3 4.735634
3 1.274564
3 4.730379
3 -6.615022
3 6.807813
3 4.838791
3 2.729629
3 -7.591872
3 -4.420125
3 -6.273980
3 -0.496450
3 -6.326279
3 -5.531495
3 10.237521
3 -2.260593
3 -0.167100
3 -7.663579
3 -6.519521
3 9.171130
3 -6.184853
3 -5.381336
3 6.216989
3 -7.203120
3 -6.368139
