1 17.297953
1 20.530527
1 17.983145
1 -18.597048
1 16.292406
1 0.294597
1 10.191900
1 -17.729807
1 -14.001412
1 15.431639
1 -20.644773
1 -18.914644
1 -21.265728
1 -1.992530
1 -14.911601
1 19.096308
1 -17.425106
1 16.104834
1 -14.572545
1 1.872842
1 -16.319937
1 -19.922770
1 17.457346
1 6.434618
1 17.879782
1 -15.565795
1 -13.481332
1 -7.489737
1 -13.351925
1 18.222996
1 -18.123508
1 1.750948
1 -15.353067
1 13.190175
1 -16.137936
1 -16.833412
1 18.880644
1 18.824245
1 4.782755
1 15.753553
1 -16.769991
1 14.271324
1 -15.188648
1 18.093952
1 -12.008182
1 16.405104
1 17.763113
1 19.192884
1 9.864530
1 -3.573084
1 17.628147
1 18.548229
1 0.023214
1 13.213103
1 -16.492483
1 -19.410156
1 -18.551954
1 -15.896514
1 13.384226
1 -17.743107
1 -17.213804
1 15.835134
1 -16.100454
1 9.389078
1 19.218208
1 14.942018
1 -18.037420
1 0.117517
1 -18.791662
1 10.010441
1 8.771482
1 -14.550455
1 -13.756836
1 17.763435
1 -15.342411
1 -16.750420
1 18.952862
1 -18.094980
1 19.654905
1 8.619917
1 -10.027025
1 -13.934145
1 -16.046392
1 -17.094603
1 -18.496195
1 19.045355
1 -14.895525
1 -18.204109
1 16.978163
1 -20.033201
1 -15.812799
1 19.707232
1 17.783606
1 6.318049
1 0.985261
1 -19.591314
1 14.643961
1 -12.236101
1 -18.558001
1 -17.381121
1 -2.893470
1 -16.071938
1 -14.281189
1 13.200955
1 5.261657
1 -14.265380
1 -11.143740
1 -14.953743
1 18.185625
1 -16.203949
1 19.036572
1 -17.987234
1 12.875772
1 20.448439
1 -6.136246
1 18.156479
1 1.125228
1 15.438504
1 16.772654
1 -13.973514
1 -1.836416
1 18.413649
1 14.293977
1 -18.669298
1 -18.565020
1 -20.011612
1 -21.441187
1 18.924330
1 7.414120
1 -19.352903
1 -16.030178
1 18.353193
1 -16.683947
1 -17.746096
1 21.418781
1 12.519492
1 -15.493945
1 14.454372
1 -16.658621
1 -19.526155
1 -17.630133
1 8.687710
1 1.301824
1 19.005844
1 18.233362
1 -16.913544
1 -0.967431
1 18.107485
1 1.559499
1 19.155041
1 12.919518
1 -16.398310
1 -20.409956
1 -13.389347
1 -18.350828
1 14.743671
1 7.702931
1 -16.035233
1 17.315464
1 17.437819
1 18.757811
1 9.187544
1 -20.079329
1 -16.141005
1 17.835592
1 -19.335424
1 -13.534391
1 18.721910
1 -18.948957
1 -14.988415
1 10.418939
1 -19.828999
1 -3.922043
1 -3.894504
1 -18.300009
1 19.281782
1 7.961629
1 0.628930
1 -16.988897
1 6.049135
1 -7.942670
1 -1.553655
1 14.261577
1 16.324503
1 -16.631098
1 -19.347326
1 18.080259
1 17.944296
1 -19.706453
1 4.437532
1 20.360174
1 19.870935
1 18.740564
1 -17.346067
1 17.905088
1 16.768354
1 -10.869853
1 -15.721886
1 -19.762381
1 11.647581
1 -19.983080
1 -19.576401
1 -19.443188
1 -20.679087
1 -19.753546
1 -16.136793
1 -7.538301
1 21.451042
1 19.843126
1 18.086655
1 15.781409
1 15.888165
1 17.628368
1 -2.531466
1 17.859524
1 17.899530
1 -20.385752
1 -16.262133
1 -7.199416
1 -11.268970
1 -16.806799
1 3.982768
1 18.104160
1 -19.581480
1 5.024597
1 18.507425
1 18.386450
1 -18.102184
1 -18.610395
1 -5.597789
1 -16.775303
1 3.649875
1 -17.267857
1 -14.981935
1 -19.777676
1 -13.540042
1 -19.636986
1 -18.389570
1 -18.839880
1 17.529606
1 7.935793
1 -18.474119
1 -19.074852
1 18.481531
1 14.239661
1 -13.719316
1 -14.186666
1 18.100346
1 -17.646080
1 20.897249
1 -16.345911
1 18.399061
1 -19.178663
1 18.271074
1 17.369074
1 -1.156512
1 -17.404747
1 -14.507125
1 18.175802
1 -19.330986
1 -19.589254
1 -12.517486
1 -16.089813
1 16.401676
1 -14.375975
1 -15.954805
1 -18.836290
1 8.840583
1 -19.400536
1 -18.595442
1 -11.187491
1 8.947849
1 -18.943180
1 -16.448729
1 17.377008
1 -15.974234
1 -16.080555
1 -15.935410
1 -20.228331
1 -16.083265
1 20.617598
1 17.253767
1 12.123676
1 -7.078279
1 -16.734232
1 -15.635318
1 18.632082
1 -7.728921
1 -16.065269
1 19.277971
1 -10.942631
1 -16.694553
1 21.124596
1 -16.400105
1 18.070105
1 -16.465239
1 19.584002
1 4.459692
1 19.701368
1 14.946462
1 -17.851625
1 18.347689
1 16.425936
1 -17.368908
1 -17.488329
1 -18.275146
1 9.542997
1 -18.069540
1 17.876966
1 -16.064413
1 10.783863
1 4.405138
1 -17.465748
1 -13.566856
1 -14.327477
1 -13.902885
1 -18.166557
1 20.665316
1 4.042355
1 17.659380
1 -14.055054
1 7.663854
1 -11.242346
1 -18.581026
1 -3.096966
1 22.621515
1 21.610748
1 4.602942
1 10.757951
1 -7.369390
1 -14.837774
1 -17.257109
1 18.288801
1 18.769457
1 -20.997580
1 -16.072372
1 -16.989851
1 10.436069
1 -15.770539
1 -13.146770
1 -18.450356
1 18.602106
1 19.478912
1 10.415953
1 4.569598
1 -22.717611
1 0.326591
1 19.474432
1 -0.446241
1 -19.507414
1 18.606524
1 20.431759
1 3.268480
1 10.383175
1 -13.897350
1 21.710571
1 -14.708096
1 15.360289
1 20.381239
1 18.632601
1 -18.431334
1 5.670293
1 15.666919
1 6.661194
1 18.709272
1 -15.572289
1 18.964993
1 20.150944
1 -17.734453
1 -6.713987
1 -18.910246
1 -12.862991
1 -9.310184
1 -17.073135
1 21.271614
1 19.050467
1 18.654066
1 -18.934175
1 -15.198463
1 10.523400
1 17.223043
1 17.189779
1 -17.795919
1 -18.129763
1 -2.645868
1 17.882273
1 2.373830
1 -16.372898
1 -17.033154
1 18.154341
1 17.328466
1 18.440943
1 18.038275
1 -20.244158
1 9.553129
1 -7.102603
1 21.308802
1 -4.545846
1 -17.329590
1 19.887543
1 14.230731
1 -13.996813
1 16.945236
1 10.055713
1 7.889698
1 -14.590219
1 15.883940
1 9.135225
1 -6.476432
1 -16.274307
1 -19.988535
1 7.265658
1 -18.418673
1 20.709557
1 -15.036778
1 -18.108038
1 -10.221703
1 -17.038385
1 -18.974342
1 -19.050863
1 -17.054035
1 -20.103703
1 5.825860
1 -17.800463
1 -12.503788
1 -6.553816
1 -12.763290
1 -17.408026
1 16.598078
1 19.662506
1 -18.165590
1 4.506689
1 19.594419
1 -19.149109
1 19.509195
1 -4.494871
1 10.402040
1 14.665380
1 18.472359
1 -18.715462
1 18.423548
1 17.976511
1 15.478800
1 -18.814495
1 -15.460630
1 -17.172709
1 19.501247
1 -19.236223
1 20.015512
1 -17.267590
1 -18.532528
1 -17.819647
1 -0.388855
1 -12.372586
1 -9.522724
1 -1.063217
1 -19.254656
1 16.880037
1 17.531996
1 0.905898
1 6.226815
1 -1.963578
1 -17.710457
1 -15.197597
1 19.787535
1 17.351999
1 -15.807465
1 -5.198259
1 20.164118
1 -14.221760
1 12.151705
1 -1.921065
1 -17.302210
1 -17.740801
1 19.291460
1 -16.778736
1 -17.966810
1 -11.066095
1 -14.019478
1 -18.976637
1 -16.310127
1 18.501263
1 -9.583245
1 -13.604256
1 18.289095
1 8.763142
1 -5.445672
1 -11.017752
1 -22.354542
1 17.007212
1 -15.113360
1 7.005923
1 13.701656
1 -16.487200
1 17.800350
1 18.151625
1 -19.891388
1 -15.081922
1 -8.918957
1 -16.065285
1 19.312624
1 1.387534
1 14.782416
1 8.453892
1 -18.729635
1 -20.256964
1 20.145824
1 18.730997
1 -17.784182
1 1.563153
1 20.430117
1 16.453304
1 12.132817
1 18.113062
1 -17.648689
1 -18.433958
1 15.664062
1 8.312369
1 -9.479250
1 8.264883
1 -14.994576
1 19.443653
1 -18.336990
1 -18.121523
1 -16.785061
1 19.141981
1 -17.547667
1 -17.620914
1 10.373241
1 -16.906763
1 16.163157
1 7.822985
1 11.887943
1 18.104824
1 -15.679972
1 15.449439
1 18.437292
1 19.679070
1 12.367460
1 8.533639
1 -11.034156
1 -16.530046
1 10.706619
1 -7.305247
1 -18.275282
1 18.936502
1 15.573353
1 17.615898
1 9.579902
1 14.326521
1 -18.033403
1 -16.083744
1 16.443640
1 -15.475479
1 -17.844957
1 13.035374
1 -15.454357
1 -17.446606
1 -4.675270
1 -16.961863
1 10.904816
1 -16.853308
1 -1.748792
1 -16.046474
1 -17.101870
1 -17.558941
1 -15.378330
1 8.304757
1 -14.402605
1 6.026887
1 -17.228069
1 19.047472
1 18.542030
1 -5.361593
1 7.244613
1 8.813622
1 -15.127451
1 20.116875
1 -12.699512
1 16.064331
1 -17.825535
1 -15.653288
1 19.925253
1 -20.444407
1 4.686878
1 -18.394871
1 -18.637239
1 -17.300133
1 5.418673
1 14.300001
1 10.710132
1 20.110651
1 -16.819794
1 -16.484257
1 1.764144
1 11.985643
1 -20.727701
1 17.231552
1 18.641211
1 -14.836880
1 15.053708
1 15.455398
1 -20.947174
1 -19.500341
1 11.808928
1 -8.710069
1 -8.678620
1 16.622698
1 9.376862
1 -12.561174
1 -19.465212
1 7.974297
1 18.120817
1 16.640739
1 -14.550024
1 18.936850
1 -17.167276
1 12.477213
1 19.883791
1 -18.370420
1 -20.005793
1 17.498215
1 -18.011969
1 8.723012
1 -13.455338
1 -18.410074
1 17.694426
1 4.598979
1 -18.197182
1 5.277973
1 8.405300
1 15.497646
1 -6.573432
1 21.499308
1 20.376299
1 -15.820515
1 -19.149866
1 3.041614
1 13.841482
1 19.421211
1 -19.635885
1 18.726252
1 -18.478083
1 -19.991114
1 -19.901756
1 -20.492083
1 21.118155
1 8.019405
1 -7.859535
1 -15.591625
1 2.401972
1 -6.988115
1 -10.487208
1 -16.938675
1 17.094156
1 17.077368
1 17.707275
1 16.777300
1 18.555906
1 -19.069387
1 -17.223726
1 -19.203131
1 -14.283396
1 13.807753
1 -10.861998
1 19.552336
1 18.152327
1 17.807398
1 14.987852
1 -14.212848
1 18.237827
1 17.561850
1 20.295053
1 -18.532896
1 19.712608
1 15.287098
1 18.388186
1 -20.433723
1 -0.634292
1 -16.143240
1 -19.320713
1 -19.104710
1 -14.324907
1 -18.396357
1 -14.068019
1 -19.199680
1 -18.731752
1 19.725641
1 -18.066568
1 -16.082460
1 17.481916
1 -6.525939
1 -12.908674
1 12.409821
1 -17.176491
1 -13.438366
1 18.323481
1 8.139656
1 11.950400
1 -20.671633
1 18.599361
1 -11.782173
1 -18.676573
1 -17.412529
1 -17.446379
1 12.185995
1 -16.004745
1 -16.307922
1 -17.616590
1 -20.182028
1 11.400323
1 5.230802
1 -17.885466
1 -16.140739
1 -11.246510
1 -7.871483
1 -1.123693
1 19.672449
1 18.652262
1 16.924337
1 -18.344799
1 -17.915930
1 -16.113619
1 18.353956
1 18.194273
1 -12.590260
1 -17.440523
1 19.216087
1 -23.712545
1 -3.781282
1 -17.689650
1 -18.338255
1 17.126600
1 -14.335627
1 -19.381311
1 -19.861513
1 18.766928
1 -18.058601
1 -9.238128
1 18.090349
1 21.186325
1 -19.258762
1 13.050066
1 13.067022
1 -20.305325
1 -21.748861
1 18.463366
1 18.858236
1 5.852160
1 -16.741066
1 11.441011
1 -1.789750
1 2.513637
1 14.561995
1 18.590857
1 19.394043
1 -3.976214
1 19.717630
1 -18.284273
1 10.376093
1 -17.384321
1 -18.346518
1 -19.492079
1 -16.853239
1 -18.033884
1 0.781307
1 9.998133
1 22.848793
2 24.880367
2 -17.897781
2 18.246462
2 20.111298
2 -18.171555
2 19.275917
2 7.920612
2 21.210251
2 6.812407
2 -16.245676
2 17.623348
2 -16.898109
2 -13.185390
2 -16.385992
2 -16.395805
2 -17.262669
2 16.757238
2 -18.025200
2 -16.095367
2 -17.576817
2 -18.077557
2 8.574449
2 0.330418
2 -13.175802
2 18.301798
2 17.142982
2 -10.801812
2 12.568042
2 -16.229343
2 -13.373908
2 18.974548
2 -19.103777
2 16.082253
2 16.912937
2 -16.741486
2 -18.827766
2 -19.038712
2 -12.280050
2 -17.401495
2 -17.460999
2 -15.809509
2 -17.029455
2 -17.376335
2 16.742878
2 -17.665314
2 22.515656
2 -17.996313
2 -18.220989
2 15.564551
2 -15.728793
2 -17.078953
2 -12.608563
2 17.060040
2 5.764746
2 -5.414942
2 14.116930
2 -17.956676
2 16.097246
2 15.973271
2 -8.165694
2 -16.065884
2 19.419102
2 -16.915325
2 17.438736
2 18.326500
2 -15.237156
2 -17.592464
2 18.046070
2 -15.276598
2 18.201942
2 17.764690
2 8.636880
2 22.730104
2 -15.487094
2 -16.699005
2 -16.609501
2 6.422853
2 20.009417
2 10.649961
2 18.332821
2 21.304520
2 -15.823791
2 4.421407
2 -17.167042
2 -16.031965
2 -7.618336
2 -7.925272
2 -15.550757
2 -15.288324
2 13.844013
2 1.295020
2 7.627111
2 10.940892
2 -17.370586
2 -13.898066
2 -18.828606
2 -15.342747
2 -9.214967
2 18.024622
2 17.424061
2 -19.608463
2 16.173534
2 17.808287
2 18.710012
2 9.791648
2 7.898585
2 14.520749
2 19.309345
2 -17.541113
2 -17.405575
2 4.036395
2 -0.454273
2 -18.372169
2 13.938603
2 -13.559869
2 11.460534
2 10.621196
2 9.092340
2 8.841784
2 -13.883699
2 -14.946420
2 -11.828395
2 -18.758533
2 22.844839
2 -17.822010
2 6.461848
2 -12.069939
2 -18.720570
2 22.407028
2 -11.202000
2 18.141720
2 -17.386303
2 5.312088
2 -17.609367
2 -19.119282
2 -1.281939
2 -16.202003
2 -0.153193
2 11.944581
2 20.685879
2 20.963898
2 16.139692
2 22.815870
2 16.629612
2 17.859119
2 -13.986847
2 2.580878
2 20.615759
2 -4.455804
2 18.919998
2 -18.681290
2 -18.511349
2 -19.607378
2 13.927184
2 21.532196
2 20.386738
2 -11.746867
2 -16.252411
2 -17.007305
2 -16.615631
2 18.671429
2 -18.198795
2 -16.895096
2 20.848759
2 9.818082
2 -16.784822
2 -14.356068
2 -15.698647
2 -15.563828
2 -15.861136
2 -17.844746
2 5.776662
2 4.857996
2 -17.594429
2 18.941086
2 -7.971920
2 19.681229
2 16.812958
2 -18.555576
2 -15.582877
2 -15.736068
2 -17.655462
2 -18.512520
2 11.625741
2 -17.800039
2 -19.388206
2 18.835342
2 1.056524
2 -17.218939
2 18.266529
2 17.884365
2 -2.007349
2 -13.296042
2 22.991360
2 -16.050785
2 17.594418
2 -9.897517
2 -17.550684
2 -9.269464
2 -19.253578
2 18.906981
2 -16.302427
2 9.879738
2 -14.803902
2 -14.764728
2 -19.601507
2 -12.432113
2 -13.334163
2 -16.656521
2 -18.971319
2 17.795959
2 -19.167191
2 9.102468
2 0.133150
2 19.907322
2 11.825688
2 8.335382
2 12.382953
2 12.061843
2 13.518938
2 -18.768589
2 21.404301
2 -7.896419
2 5.886760
2 19.409832
2 -17.737883
2 -17.324863
2 15.861296
2 -16.399866
2 19.666166
2 17.184860
2 -9.234773
2 -6.764553
2 -19.014158
2 12.562803
2 5.943956
2 -14.998507
2 -17.057611
2 13.267304
2 -16.373375
2 17.524689
2 -16.810867
2 6.005517
2 -19.051208
2 19.202900
2 -17.747183
2 16.428846
2 4.983816
2 4.411749
2 -15.788041
2 18.066021
2 11.473334
2 -18.157646
2 -16.578819
2 -15.924970
2 -17.978296
2 -7.981784
2 -17.245565
2 21.436596
2 17.571737
2 -17.987171
2 -9.688176
2 -5.345518
2 -14.360428
2 21.423248
2 18.003498
2 9.392619
2 18.439503
2 9.523082
2 -18.308681
2 0.952897
2 22.694082
2 4.055475
2 -12.746482
2 -18.111475
2 5.410396
2 -17.933359
2 -15.692478
2 -18.462002
2 -17.435898
2 21.687435
2 -16.027288
2 10.277117
2 22.305456
2 -10.132663
2 8.264937
2 -20.084717
2 3.972674
2 -12.099444
2 14.938344
2 -14.811810
2 -18.568626
2 -17.321724
2 -17.113916
2 19.421741
2 -0.505932
2 -17.449036
2 -1.012347
2 -16.394222
2 20.796383
2 8.061747
2 -9.959061
2 -17.112226
2 -16.251835
2 12.074645
2 -17.342648
2 -18.748920
2 17.972538
2 18.773216
2 -18.624653
2 2.599761
2 16.721395
2 -17.747807
2 -17.229233
2 -5.250780
2 -24.120600
2 -17.748949
2 10.799954
2 -15.990377
2 22.456047
2 20.694067
2 -19.510622
2 -19.002974
2 22.678242
2 -15.549005
2 -19.345865
2 -4.003379
2 21.871584
2 -14.680541
2 20.193932
2 -17.619549
2 -12.786378
2 -19.335876
2 -18.041395
2 -9.862653
2 -4.068313
2 -17.079193
2 6.966284
2 8.891423
2 -13.987885
2 -18.280823
2 -16.503929
2 -16.639807
2 10.010001
2 -17.025412
2 -17.682541
2 -17.696276
2 20.492630
2 20.741371
2 16.935711
2 15.365937
2 16.910990
2 9.080746
2 8.576555
2 -13.544517
2 -18.793949
2 -19.571026
2 23.450216
2 13.765100
2 18.811218
2 -17.404623
2 4.994770
2 23.398537
2 -17.678461
2 -1.482599
2 17.449631
2 -11.805748
2 17.690031
2 -18.490738
2 12.112512
2 14.099663
2 -10.353552
2 1.252961
2 -18.210838
2 18.860197
2 -13.787500
2 -11.590207
2 -6.259452
2 20.108574
2 6.891541
2 -14.280465
2 6.263590
2 -19.712042
2 -17.367958
2 -19.230440
2 7.327437
2 17.635799
2 14.627099
2 -6.773373
2 6.889895
2 -18.815144
2 -16.623968
2 -12.336066
2 5.139933
2 -5.828011
2 -17.605461
2 -6.991151
2 -11.959586
2 2.330396
2 5.654354
2 -16.832106
2 7.689597
2 -16.222120
2 15.319979
2 -18.351629
2 28.696457
2 -20.452488
2 -20.514923
2 -17.061161
2 -16.008524
2 -17.553253
2 16.428230
2 19.520639
2 -11.910554
2 -14.196602
2 -18.765591
2 -18.600176
2 -14.350122
2 0.892967
2 6.705683
2 16.685493
2 17.541838
2 19.379896
2 24.033848
2 -17.974163
2 2.955270
2 -7.436026
2 -17.242790
2 -17.491213
2 8.540012
2 7.720672
2 -11.775659
2 20.646822
2 -16.147043
2 -17.110840
2 -17.273216
2 -15.560534
2 -15.345828
2 -12.866682
2 -11.452001
2 -15.039854
2 3.694426
2 6.742626
2 20.652609
2 19.928471
2 -17.952772
2 20.447174
2 22.596033
2 15.134079
2 18.962234
2 7.823889
2 21.021709
2 15.584561
2 6.608365
2 -13.323789
2 18.335072
2 -17.756714
2 -17.953465
2 19.238260
2 -9.213901
2 -7.584321
2 -18.094519
2 -11.821324
2 -14.631252
2 19.544737
2 -18.316345
2 18.026758
2 5.431605
2 -16.380108
2 13.704631
2 -16.727295
2 16.158249
2 1.938939
2 15.832286
2 10.835896
2 -17.128756
2 12.631312
2 21.812943
2 -15.524102
2 -16.617851
2 18.211823
2 14.036635
2 20.087440
2 25.556648
2 -19.946930
2 -16.154671
2 22.039249
2 -18.877911
2 16.513586
2 -4.758606
2 18.173641
2 -5.854372
2 -19.308176
2 -19.637726
2 21.076069
2 25.631451
2 -15.786465
2 -17.815079
2 -12.143587
2 -17.436012
2 0.138680
2 8.128568
2 -6.191936
2 -17.696402
2 10.512689
2 8.243266
2 -4.886178
2 -17.140694
2 9.976525
2 5.439291
2 -7.176437
2 24.574390
2 18.796841
2 -15.780787
2 15.201172
2 4.640317
2 15.897630
2 19.587185
2 -18.936077
2 -18.261265
2 16.535873
2 -17.993877
2 -19.539227
2 15.651052
2 -18.678734
2 5.108835
2 16.047190
2 15.610484
2 -19.431469
2 -16.932095
2 -16.888046
2 -16.752262
2 -17.212580
2 18.384829
2 16.359968
2 6.480528
2 17.278492
2 15.515718
2 15.700331
2 -11.071045
2 -18.184128
2 -18.450014
2 -18.750261
2 15.283551
2 -17.684359
2 -16.140711
2 1.863060
2 17.838974
2 -18.559824
2 -19.108543
2 -18.193121
2 -12.836462
2 8.233079
2 15.717579
2 18.293705
2 18.477730
2 -17.962147
2 -17.079954
2 16.785917
2 12.882509
2 -17.238453
2 -17.241074
2 -16.962898
2 -18.785442
2 16.357233
2 -18.896482
2 -1.017089
2 -18.040033
2 -18.417301
2 20.023884
2 6.033261
2 16.144855
2 1.857823
2 8.730802
2 16.866886
2 1.443092
2 -17.690840
2 17.160791
2 2.926150
2 -19.273880
2 -15.259326
2 12.627501
2 1.964334
2 12.133569
2 -18.155075
2 -19.318310
2 7.153119
2 6.604674
2 13.454898
2 18.630474
2 16.896040
2 18.065544
2 -18.398094
2 14.307305
2 -18.321241
2 18.507771
2 -18.402399
2 16.506922
2 17.782280
2 8.828032
2 -18.831352
2 14.600769
2 14.692510
2 19.796444
2 5.300697
2 15.609419
2 -18.483906
2 9.306269
2 17.299873
2 15.300065
2 17.214888
2 10.214215
2 -17.642555
2 -9.412282
2 -19.608053
2 -11.147887
2 -17.090761
2 4.067216
2 -17.408377
2 -15.954499
2 -16.123028
2 18.119732
2 10.434340
2 -17.276945
2 8.450883
2 -14.206803
2 -7.082688
2 -18.873756
2 -12.435428
2 -17.885946
2 -17.598286
2 -8.493431
2 15.962546
2 16.123219
2 -18.398447
2 15.388292
2 -19.431742
2 -17.875156
2 -17.475901
2 -18.091518
2 15.184921
2 -15.381035
2 -17.245907
2 -18.810377
2 17.185156
2 -2.366410
2 13.077866
2 -18.634207
2 -18.916960
2 8.041152
2 -20.071980
2 -18.771727
2 6.925208
2 16.304977
2 15.043693
2 -18.923923
2 17.207235
2 -18.155298
2 -6.619757
2 -17.503574
2 -17.528986
2 -17.487816
2 16.863094
2 13.896456
2 16.212149
2 9.868742
2 21.079691
2 -19.013800
2 -18.400251
2 19.549343
2 17.614441
2 16.345949
2 6.662251
2 20.333349
2 -6.972935
2 2.096565
2 15.254683
2 -14.087089
2 -18.050497
2 -15.712493
2 9.340671
2 14.220134
2 -18.202515
2 -17.384892
2 -16.064268
2 7.303211
2 -15.266298
2 -17.701996
2 16.610683
2 -17.634506
2 -18.214039
2 -8.671456
2 18.532909
2 13.548550
2 -19.223623
2 -20.027061
2 -18.326027
2 -17.401560
2 -9.739825
2 -19.715961
2 -18.728367
2 16.521412
2 16.812237
2 19.941225
2 -17.071476
2 17.400492
2 -18.798159
2 -16.448242
2 -16.713844
2 17.742008
2 -15.940951
2 8.414915
2 -19.028120
2 21.271229
2 -11.428123
2 11.894593
2 18.621166
2 8.905246
2 -18.786680
2 10.695149
2 17.911076
2 -16.351719
2 18.338108
2 -18.086172
2 19.330147
2 12.870718
2 18.375944
2 18.066547
2 -16.826145
2 17.410633
2 7.811411
2 18.015686
2 -15.476278
2 -13.217521
2 15.850906
2 -12.618325
2 -15.016498
2 -15.365101
2 -18.302643
2 13.257167
2 4.418814
2 -18.609430
2 10.519183
2 -18.799501
2 18.019585
2 -10.479646
2 -19.232071
2 -13.904702
2 18.654476
2 17.366022
2 -18.060427
2 -13.424649
2 -18.723557
2 -16.533663
2 17.104254
2 18.160807
2 7.632593
2 7.158934
2 17.777000
2 14.631108
2 19.267391
2 -6.683477
2 -17.987333
2 6.937926
2 -18.951172
2 0.247051
2 -14.097151
2 22.427114
3 8.933420
3 15.166654
3 12.955783
3 18.884644
3 -10.311739
3 -10.822748
3 21.348648
3 17.283920
3 17.722679
3 -18.106167
3 17.469568
3 -16.564060
3 -17.720507
3 -18.068390
3 15.913624
3 17.519054
3 17.654785
3 -18.095024
3 -2.847617
3 -17.304604
3 -17.001905
3 17.349335
3 -17.312843
3 15.154778
3 -17.596201
3 -9.400289
3 16.064411
3 -14.377139
3 -18.256733
3 18.824223
3 13.440092
3 -18.127876
3 16.397444
3 8.212023
3 6.775386
3 -13.398289
3 6.914444
3 -11.306744
3 17.581991
3 17.511816
3 -16.699621
3 -17.108854
3 -17.481659
3 -17.596989
3 16.830772
3 -13.758176
3 -0.218167
3 -16.980173
3 -15.526083
3 -14.554274
3 16.901325
3 2.684098
3 -9.754004
3 -18.750771
3 1.421715
3 -18.456966
3 -17.228760
3 -15.634466
3 9.968390
3 15.806664
3 -4.306577
3 12.111778
3 -6.628103
3 -17.645172
3 -8.384030
3 -17.416700
3 18.187916
3 -17.999901
3 -17.796707
3 10.704380
3 -17.586884
3 -15.647136
3 16.231369
3 -17.834965
3 16.658716
3 13.346704
3 18.340467
3 17.540598
3 16.718325
3 4.789278
3 21.910149
3 -16.635918
3 -17.836048
3 -17.413130
3 -15.376337
3 15.243617
3 16.655573
3 14.604940
3 11.309763
3 -18.060087
3 17.982510
3 15.830095
3 16.843712
3 1.947382
3 16.707468
3 -18.821903
3 -17.924385
3 20.907389
3 -3.818362
3 -17.769255
3 18.617138
3 -18.842302
3 -16.559944
3 -17.114885
3 -14.178210
3 16.769741
3 21.025576
3 16.100273
3 -18.090904
3 -9.035918
3 19.240780
3 -18.185919
3 16.963688
3 -12.319035
3 16.053537
3 14.417064
3 -12.946301
3 -17.502197
3 -16.411987
3 18.384758
3 -17.920774
3 17.400888
3 -17.550558
3 -16.877859
3 21.439709
3 -18.081802
3 19.022034
3 -17.841591
3 12.305162
3 -18.927284
3 18.998816
3 20.306190
3 19.382963
3 7.425907
3 22.393131
3 -17.500345
3 15.719130
3 -18.542904
3 14.199160
3 -17.241119
3 -17.974640
3 -16.731754
3 18.550402
3 -16.001152
3 14.329897
3 -18.494637
3 -16.684631
3 -4.867189
3 22.717276
3 -16.973169
3 -18.472580
3 20.099022
3 17.952297
3 16.711084
3 12.203552
3 1.659550
3 12.920903
3 -17.581526
3 -13.818274
3 15.712090
3 8.611595
3 -2.327293
3 -17.018639
3 15.946013
3 -18.559006
3 -18.048527
3 14.777422
3 15.633677
3 -15.230255
3 7.533136
3 -18.120258
3 -17.147594
3 -16.374041
3 -16.843613
3 -12.339428
3 -18.290104
3 -18.487968
3 -19.588894
3 -16.546989
3 -14.861109
3 21.105131
3 -13.490143
3 -9.925015
3 -17.668224
3 -16.601938
3 24.057730
3 19.464930
3 -7.830513
3 13.255209
3 -17.002232
3 -15.700894
3 18.804699
3 -13.269981
3 -16.760109
3 18.897505
3 -2.694288
3 17.335403
3 -8.439702
3 16.732273
3 -16.111042
3 16.419128
3 5.195614
3 -18.247746
3 -17.967707
3 -18.578197
3 -8.976454
3 -17.672005
3 -18.121803
3 18.954741
3 -18.186993
3 12.049832
3 -17.650223
3 15.636950
3 15.426327
3 -16.950054
3 -16.701355
3 -17.732052
3 16.854916
3 8.900343
3 17.486748
3 -17.871702
3 -17.940121
3 -18.315878
3 -17.624184
3 15.434546
3 10.346338
3 -16.385124
3 17.625507
3 18.410652
3 -16.313799
3 11.781178
3 -17.020691
3 8.511050
3 -17.993626
3 21.393368
3 13.827729
3 -17.582642
3 17.614128
3 17.938549
3 -15.072145
3 -19.229830
3 13.184153
3 16.307951
3 -16.360397
3 17.656261
3 -18.069485
3 -18.250444
3 12.239864
3 -17.521507
3 -8.085106
3 16.783150
3 17.024643
3 -17.607861
3 -0.799340
3 -14.099085
3 19.294981
3 -16.580502
3 12.894781
3 -15.582949
3 17.075817
3 -13.563613
3 9.032370
3 15.485184
3 17.584429
3 -19.015236
3 17.981510
3 3.187066
3 8.470361
3 -17.454531
3 16.735058
3 12.904934
3 -18.293888
3 -16.602236
3 -18.766788
3 20.784859
3 -16.876579
3 13.146107
3 16.168501
3 -15.575832
3 -19.099867
3 16.203186
3 7.580567
3 17.727314
3 -18.488888
3 23.603031
3 2.701127
3 12.506210
3 -18.939846
3 16.735727
3 15.893467
3 -18.040968
3 -0.925495
3 -18.198658
3 -17.839375
3 -14.771311
3 7.958883
3 -18.501068
3 -9.355998
3 -18.125107
3 18.064085
3 -7.605474
3 -0.017466
3 21.274567
3 -18.651836
3 -18.253418
3 -18.101955
3 -19.843262
3 -15.922696
3 -6.663585
3 -19.203371
3 7.432160
3 -17.518848
3 6.878057
3 7.775697
3 5.429692
3 13.597791
3 14.032172
3 18.328726
3 20.636742
3 -14.693549
3 18.893999
3 14.309229
3 -19.509689
3 17.201447
3 13.771221
3 -19.132786
3 -17.049316
3 -19.564211
3 -18.856148
3 -16.276402
3 -17.658092
3 -17.792278
3 11.336979
3 20.022968
3 -15.953279
3 -18.552866
3 -19.159348
3 -17.591175
3 -18.202625
3 25.113941
3 -17.818119
3 15.758672
3 -17.454411
3 16.147423
3 17.115568
3 9.552002
3 18.288792
3 -18.638878
3 17.800850
3 9.657954
3 -18.443390
3 -17.613022
3 15.995779
3 18.405689
3 7.417273
3 12.113448
3 16.270809
3 -16.513298
3 8.398125
3 -13.021198
3 9.436264
3 6.967704
3 20.157537
3 -18.244989
3 -15.658414
3 -18.593822
3 -16.783302
3 18.743008
3 -18.533863
3 -16.862452
3 -16.572882
3 -18.107800
3 6.663287
3 12.114672
3 -17.563751
3 -17.615644
3 -17.375103
3 -18.428244
3 21.295326
3 14.226995
3 18.401485
3 -18.787916
3 17.710993
3 -19.588907
3 -18.258907
3 18.572548
3 19.077557
3 -18.575867
3 16.293636
3 20.737667
3 -17.588829
3 3.006559
3 -18.994331
3 17.027327
3 6.740086
3 13.726358
3 17.492664
3 -18.404699
3 9.162204
3 -17.831062
3 -18.407295
3 12.580760
3 15.112651
3 15.155239
3 -19.585131
3 4.288221
3 -18.886173
3 15.999258
3 18.907574
3 -18.986462
3 -18.042515
3 19.440783
3 13.940681
3 -15.892510
3 -17.524918
3 8.641047
3 14.972005
3 22.246655
3 -17.825230
3 -9.387213
3 4.797870
3 -16.601915
3 11.574129
3 -18.086691
3 -0.320377
3 -13.897554
3 18.308548
3 8.222481
3 -18.403881
3 -9.141543
3 21.373045
3 18.047810
3 -17.842310
3 -16.180338
3 -16.963715
3 19.765400
3 -16.971621
3 -19.063416
3 -15.076822
3 15.593369
3 9.994992
3 -19.163164
3 -18.201761
3 -18.282825
3 17.591566
3 20.833715
3 18.296867
3 8.411904
3 -16.064484
3 14.524508
3 -16.893059
3 22.171288
3 16.759642
3 16.516939
3 15.309627
3 -15.884624
3 -10.025651
3 -19.133684
3 -18.761841
3 5.124330
3 -16.436932
3 16.096313
3 -17.899940
3 -16.489141
3 13.206930
3 -18.668995
3 10.098331
3 0.830572
3 -18.320726
3 10.080322
3 -18.139851
3 17.707645
3 -16.290718
3 11.159941
3 -18.902573
3 18.866417
3 -14.842072
3 15.706477
3 -16.785158
3 -12.407864
3 -15.872223
3 -15.331039
3 -17.502779
3 16.313005
3 -16.598848
3 21.240475
3 16.363014
3 22.573704
3 11.394438
3 -18.726595
3 15.917855
3 12.556248
3 -17.296944
3 4.350980
3 16.312372
3 -18.065231
3 14.968760
3 -8.819823
3 -17.772070
3 14.068294
3 16.714428
3 -16.731249
3 -5.834332
3 21.480078
3 17.187923
3 4.693939
3 8.150323
3 -0.150321
3 14.048808
3 -16.965889
3 -15.560678
3 -17.461145
3 -13.095757
3 13.128473
3 16.219883
3 -14.422905
3 18.242720
3 12.119037
3 -17.767273
3 15.914165
3 -16.418726
3 -18.174362
3 17.642397
3 18.167620
3 -16.401733
3 -18.588161
3 10.075977
3 -12.098845
3 -16.199972
3 -16.418816
3 18.582989
3 -17.968412
3 -13.002779
3 -15.544023
3 18.278751
3 17.557943
3 -18.492956
3 -18.476463
3 15.694382
3 13.471728
3 -18.697891
3 20.590855
3 -16.778618
3 18.744774
3 -17.398058
3 14.831043
3 14.353762
3 19.917852
3 -18.154234
3 -16.394268
3 19.223452
3 -16.795418
3 -19.244745
3 20.481277
3 -17.752342
3 -17.757458
3 14.762365
3 7.376619
3 9.012647
3 19.271534
3 12.773173
3 -17.989458
3 18.339306
3 19.454458
3 -18.264248
3 -7.557690
3 15.528387
3 -17.982744
3 9.308226
3 -18.134094
3 13.263311
3 -18.164600
3 9.052957
3 -16.046980
3 16.166069
3 18.105160
3 -15.983863
3 -14.203138
3 18.384537
3 21.872395
3 17.106846
3 16.498962
3 -11.223427
3 -16.242527
3 -13.845759
3 -15.935286
3 16.466103
3 13.840257
3 14.459469
3 15.149299
3 -11.843008
3 -16.519707
3 17.634403
3 16.455753
3 17.032814
3 -14.072155
3 13.365177
3 7.428276
3 13.691245
3 16.255322
3 -17.421005
3 16.371960
3 -17.502048
3 16.602880
3 14.074953
3 -8.315997
3 -15.934079
3 -17.250301
3 -18.786991
3 -16.229891
3 16.844427
3 -16.364937
3 -16.748726
3 -17.344959
3 19.034037
3 -17.514746
3 -18.455450
3 17.129040
3 -16.662159
3 16.939388
3 -15.899286
3 -17.485863
3 -17.423174
3 20.152603
3 -16.604538
3 14.850320
3 -18.264328
3 -17.054817
3 -17.545708
3 -5.954574
3 -17.835836
3 5.610012
3 14.939041
3 -17.624191
3 -17.774490
3 22.134800
3 5.375962
3 16.807350
3 -17.077868
3 16.397596
3 20.180328
3 -16.986889
3 -14.817119
3 17.686111
3 -18.279011
3 -17.431885
3 -2.916988
3 -18.398933
3 9.899425
3 -17.709976
3 -17.745823
3 18.955780
3 17.059038
3 -18.119104
3 -16.968826
3 -18.023911
3 -16.505423
3 -18.889309
3 -16.356524
3 -17.123863
3 17.879147
3 -16.348883
3 -15.534363
3 -16.721222
3 10.229632
3 11.043955
3 15.607553
3 -17.527933
3 -16.226484
3 -18.378004
3 17.396709
3 -17.476614
3 16.525684
3 5.223763
3 16.326838
3 14.269908
3 -17.616814
3 14.514141
3 -17.202097
3 8.657299
3 -17.253260
3 10.582233
3 16.481842
3 -17.928024
3 21.594566
3 -17.843975
3 11.962392
3 -3.985336
3 -17.935368
3 -17.108770
3 18.114483
3 -16.414520
3 13.467417
3 3.462935
3 19.379971
3 -17.087971
3 11.546146
3 18.522194
3 -17.129087
3 16.075594
3 17.255684
3 16.280340
3 16.720810
3 16.159866
3 -17.971317
3 14.484306
3 -17.284954
3 -19.532421
3 15.715010
3 -17.563114
3 14.388726
3 10.155293
3 -15.537703
3 -17.116808
3 -17.622181
3 10.234196
3 17.562597
3 -17.054014
3 0.524748
3 10.898394
3 -16.587866
3 16.678312
3 -18.476770
3 -14.889410
3 -16.836103
3 18.680166
3 16.845390
3 18.002525
3 -13.848429
3 19.204842
3 19.616743
3 3.668784
3 -18.392040
3 13.195775
3 -7.016582
3 16.395380
3 19.981024
3 -15.828436
3 -17.968445
3 15.348371
3 -16.687651
3 -6.254171
3 -17.457073
3 -15.923129
3 -18.268225
3 -15.004637
3 -6.242395
3 14.524437
3 15.581822
3 6.166028
3 -15.914308
3 -16.450592
3 -17.236130
3 15.505679
3 -17.359402
3 12.411510
3 15.059622
3 -16.783497
3 -16.137148
3 -17.292198
3 -18.709530
3 8.338291
3 15.837124
3 -19.148369
3 16.417522
3 -16.988710
3 15.810157
3 5.007797
