1 -20.142073
1 -11.402386
1 18.389185
1 -21.919359
1 4.421149
1 32.758453
1 -7.796328
1 -10.952600
1 1.521877
1 10.374302
1 10.482165
1 -9.096374
1 3.167722
1 25.308958
1 -15.212131
1 -22.813627
1 2.396730
1 14.674510
1 -22.782854
1 11.029257
1 9.574100
1 22.170015
1 -6.488229
1 -11.397372
1 -4.363419
1 -32.353050
1 0.867563
1 -20.711843
1 -4.070181
1 -14.574280
1 -17.460672
1 -20.214861
1 0.939801
1 -0.896102
1 28.984043
1 18.354876
1 17.935053
1 -10.996368
1 -8.965819
1 -5.172507
1 -3.039361
1 -9.570957
1 -27.746084
1 -25.324888
1 -32.135014
1 -12.713299
1 -23.296728
1 6.431452
1 -1.832046
1 -3.727581
1 -14.876869
1 -22.386831
1 -27.219927
1 -9.241922
1 16.583340
1 11.360255
1 -21.326031
1 5.591206
1 16.183432
1 -21.139299
1 23.526560
1 8.974083
1 3.652810
1 -23.242567
1 37.189163
1 -15.214895
1 30.990425
1 2.947345
1 14.748703
1 23.359552
1 8.930452
1 23.224527
1 -9.072157
1 11.447380
1 -28.727858
1 -23.221685
1 -26.048658
1 -20.175138
1 7.333972
1 -3.081320
1 9.206841
1 -24.653744
1 18.410786
1 -14.490171
1 -13.865957
1 -10.334690
1 2.467816
1 -28.658707
1 -11.833323
1 23.157808
1 -23.784723
1 18.514166
1 -2.852840
1 -29.862722
1 13.439275
1 9.311174
1 12.599293
1 -7.094180
1 -16.599827
1 4.291481
1 -8.861444
1 15.933474
1 22.688051
1 -17.334509
1 34.003849
1 -9.667244
1 -16.790064
1 15.293331
1 -16.045486
1 27.337084
1 -17.406801
1 -25.167566
1 -26.182287
1 16.391953
1 -10.154963
1 5.382043
1 9.785851
1 13.713552
1 -17.900545
1 6.375422
1 24.330706
1 -17.623672
1 -27.287050
1 16.293940
1 -25.620537
1 8.101951
1 15.302637
1 13.292897
1 -21.182524
1 -4.064673
1 13.541754
1 -20.906677
1 21.999670
1 35.414997
1 -20.732607
1 -22.646166
1 15.141442
1 16.504929
1 19.540628
1 -26.839430
1 -32.855637
1 -25.894709
1 11.960682
1 -5.963752
1 28.592382
1 11.546804
1 4.330566
1 -7.077148
1 -22.905235
1 -20.397516
1 -7.321741
1 14.873243
1 -6.416215
1 -0.250524
1 9.318092
1 18.278097
1 10.160471
1 7.192828
1 -12.361420
1 10.533924
1 -22.360079
1 21.187933
1 -23.507994
1 -14.751402
1 -11.525803
1 16.381960
1 -33.956673
1 -31.145451
1 -16.216827
1 -17.566622
1 4.516857
1 -17.471773
1 15.519962
1 3.721391
1 -6.858055
1 -2.696309
1 -10.534039
1 -21.311270
1 11.943964
1 -15.625737
1 10.009827
1 16.970675
1 -28.689730
1 9.551491
1 14.744204
1 -12.337973
1 -20.119333
1 11.230403
1 -23.869019
1 -17.906414
1 -10.491667
1 11.026809
1 14.655302
1 8.512663
1 16.559053
1 -24.274124
1 13.782860
1 -11.871929
1 -14.775638
1 10.499844
1 25.781523
1 -5.046557
1 19.399561
1 6.525206
1 -19.637274
1 22.335695
1 -20.528440
1 20.496038
1 8.639297
1 6.603897
1 -12.556889
1 1.987731
1 9.605738
1 13.921974
1 1.653439
1 -4.632560
1 12.731852
1 19.178167
1 7.513387
1 7.413121
1 -19.111277
1 -7.351834
1 -21.618963
1 -13.288033
1 4.826544
1 14.888088
1 -11.581202
1 2.348885
1 21.877493
1 -8.904333
1 1.129165
1 20.973944
1 -20.459137
1 35.538067
1 21.874489
1 -6.369103
1 17.037176
1 -14.998562
1 -16.220327
1 20.422235
1 -10.357536
1 -17.883307
1 24.500187
1 -20.097818
1 -9.971493
1 -35.154671
1 14.841280
1 26.922098
1 12.443928
1 22.685556
1 12.534719
1 30.810822
1 2.141345
1 32.418095
1 28.274807
1 1.906595
1 17.416149
1 14.319130
1 -14.110659
1 -25.416332
1 -13.070049
1 5.217823
1 19.503546
1 -5.215457
1 -16.346104
1 -27.113533
1 -12.334946
1 -15.284136
1 21.627777
1 -7.204298
1 23.597666
1 -17.519215
1 -2.877641
1 -6.928572
1 -6.480721
1 12.145025
1 -16.501587
1 7.804649
1 3.587658
1 -27.474279
1 -8.433554
1 11.078452
1 37.878643
1 5.144942
1 -13.363988
1 -20.459303
1 -6.773836
1 -26.296499
1 -20.065504
1 -15.442323
1 17.844542
1 9.412714
1 -25.560350
1 8.280965
1 -1.104987
1 -17.835642
1 0.392491
1 6.587260
1 -25.750521
1 4.154473
1 -20.060270
1 18.113058
1 1.391439
1 -12.175176
1 5.455804
1 -11.732233
1 -18.458750
1 18.121386
1 0.178205
1 1.930983
1 4.022292
1 -3.722887
1 -11.271305
1 -17.399448
1 23.465071
1 -12.267636
1 -12.786404
1 -26.501385
1 2.849229
1 -27.903540
1 5.573117
1 9.903887
1 -20.915346
1 34.068954
1 16.537224
1 4.930739
1 -29.230415
1 12.937471
1 19.007704
1 15.117516
1 5.940476
1 19.937815
1 6.434224
1 24.246983
1 -11.339815
1 -17.941343
1 -15.561038
1 -21.634308
1 1.439781
1 -29.034666
1 3.092467
1 16.981926
1 -16.324062
1 16.783001
1 -12.783034
1 -13.710207
1 -13.572851
1 -19.384314
1 16.930651
1 -26.738762
1 1.856907
1 1.290127
1 0.722256
1 -12.074955
1 20.114994
1 14.177866
1 23.564100
1 9.156197
1 -9.636471
1 -13.542739
1 -7.998268
1 15.522698
1 -15.271376
1 5.357069
1 18.225386
1 12.801557
1 -15.582866
1 -15.320446
1 -27.747019
1 12.365061
1 -31.152384
1 -10.659775
1 24.149240
1 -6.332364
1 29.076529
1 0.943449
1 23.515656
1 -21.005489
1 -27.134024
1 30.316319
1 14.243629
1 15.992222
1 -2.487048
1 12.422340
1 -24.103605
1 12.452570
1 -18.387241
1 21.996550
1 20.072897
1 -18.315100
1 21.780798
1 13.431608
1 24.378407
1 10.017183
1 -18.987200
1 13.163078
1 -10.639120
1 12.488554
1 -6.250316
1 26.902575
1 5.214961
1 17.408688
1 -31.794468
1 -21.069944
1 -12.920467
1 25.223162
1 19.829218
1 4.086084
1 -23.628723
1 21.629343
1 9.341765
1 -14.776602
1 38.164669
1 -31.593544
1 23.396902
1 2.863388
1 -15.424630
1 -13.089856
1 23.784464
1 36.803802
1 -31.994656
1 17.900352
1 19.756681
1 29.443563
1 -20.151636
1 -13.834584
1 -16.173922
1 -5.591129
1 8.545948
1 11.439853
1 17.260815
1 5.370378
1 -20.605028
1 -35.052734
1 25.437185
1 1.871109
1 -20.378178
1 -30.687738
1 19.648737
1 -20.262854
1 16.326845
1 -19.903070
1 18.189590
1 -18.600388
1 22.228222
1 3.503051
1 20.199146
1 9.903143
1 -5.693765
1 -11.616126
1 1.915105
1 13.620686
1 -17.449034
1 5.265384
1 18.876194
1 24.626116
1 -21.109425
1 -6.480763
1 20.815727
1 -16.454306
1 1.997188
1 -1.655279
1 25.902662
1 -22.209156
1 -20.294661
1 -19.042603
1 -8.678370
1 23.715784
1 1.856264
1 -8.499485
1 10.097423
1 -30.727592
1 17.556547
1 -13.461691
1 28.321955
1 -22.300074
1 -20.557203
1 -8.105708
1 5.812785
1 -1.988413
1 31.453308
1 -22.015966
1 5.532506
1 -16.060034
1 -12.350865
1 -10.327279
1 -23.207460
1 21.767300
1 -34.026955
1 -15.753942
1 6.418982
1 -23.267355
1 11.421825
1 18.243219
1 -12.417986
1 -22.359400
1 10.845036
1 6.851801
1 7.868442
1 -20.100458
1 1.256826
1 -3.038647
1 20.270967
1 -1.605162
1 -20.378502
1 -4.725250
1 -20.283360
1 16.253321
1 11.320559
1 -14.300014
1 3.651619
1 -18.701178
1 22.793898
1 8.490399
1 0.836337
1 -22.939486
1 5.668056
1 9.509989
1 -7.906102
1 18.498247
1 2.543806
1 19.807112
1 -25.505117
1 -17.861042
1 -9.999098
1 21.086288
1 -36.641705
1 4.671787
1 -26.015436
1 -18.916010
1 14.945992
1 31.063803
1 6.209122
1 10.492079
1 11.712283
1 -22.806692
1 16.101618
1 28.158445
1 1.043778
1 13.775472
1 -14.302544
1 -12.199696
1 -28.440561
1 9.227430
1 -0.951487
1 -8.422427
1 -11.313288
1 -14.496220
1 24.965433
1 -12.323180
1 1.454800
1 11.140409
1 28.088804
1 13.836609
1 20.113161
1 23.885099
1 32.234432
1 -16.085615
1 -30.227713
1 -11.593382
1 9.841574
1 10.187983
1 -14.699812
1 1.195938
1 22.062660
1 -10.810768
1 -16.461086
1 -19.259806
1 -21.948954
1 -17.803144
1 -24.420385
1 5.099675
1 13.772373
1 24.051443
1 19.624746
1 -8.513547
1 21.946478
1 -14.421946
1 -18.396168
1 -27.369913
1 7.101448
1 -3.531082
1 -8.497519
1 15.339071
1 -23.640831
1 14.990691
1 -4.814445
1 -20.658930
1 -24.447660
1 1.410026
1 -9.924891
1 -19.114759
1 5.945684
1 14.397570
1 -19.719660
1 -28.632421
1 -9.729042
1 34.104874
1 7.066669
1 8.020977
1 -12.045465
1 -8.231886
1 -11.625294
1 -5.104935
1 -28.601057
1 -13.533346
1 7.798253
1 13.431356
1 11.091165
1 0.259371
1 -32.982647
1 -19.913809
1 -9.319828
1 -25.139145
1 10.575373
1 -13.710135
1 -11.728155
1 -24.221422
1 17.641546
1 -7.747061
1 23.273333
1 12.630802
1 18.230112
1 -17.431925
1 -12.288483
1 28.554083
1 -21.137884
1 -34.609764
1 24.908600
1 -25.542662
1 13.176576
1 14.514547
1 8.765179
1 -13.249147
1 -0.779310
1 -11.508418
1 14.237530
1 -6.128664
1 -16.662676
1 8.620190
1 -32.147110
1 -19.356913
1 9.786608
1 6.326534
1 -6.053168
1 -21.804398
1 23.096661
1 -26.391218
1 -17.076418
1 -10.514544
1 -22.355503
1 3.616350
1 -8.756626
1 16.070911
1 24.107725
1 -28.793095
1 -14.218538
1 -9.042908
1 21.253969
1 -16.631720
1 -23.536985
1 10.076954
1 9.796835
1 0.089425
1 20.412025
1 5.091318
1 -10.926401
1 10.938389
1 -20.394831
1 1.220533
1 9.056373
1 11.702343
1 -12.889805
1 -28.704527
1 -17.548071
1 -20.858879
1 20.809036
1 18.189550
1 -32.850193
1 23.847322
1 -9.564846
1 -2.535960
1 22.900370
1 35.197891
1 -13.981802
1 20.506260
1 -17.573431
1 4.746446
1 -14.834715
1 -12.235380
1 7.404089
1 14.031702
1 16.549452
1 2.946707
1 8.255435
1 -9.379192
1 -20.683086
1 -10.532327
1 7.040597
1 -8.377909
1 1.396679
1 -21.871033
1 16.606569
1 -28.108572
1 2.096295
1 -13.510435
1 15.796163
1 -26.006454
1 -14.952345
1 21.038351
1 13.716600
1 11.993729
1 20.762346
1 -5.808803
1 16.787134
1 27.825182
1 18.892817
1 7.252520
1 9.124899
1 -34.992340
1 -11.563496
1 20.434248
1 -19.819296
1 25.221964
1 18.931261
1 1.132418
1 -26.317385
1 31.011271
1 6.601014
1 16.733263
1 26.180660
1 0.386794
1 6.143147
1 1.863517
1 -11.469199
1 -9.466915
1 19.202023
1 -29.456907
1 2.176777
1 -16.679735
1 -11.185546
1 12.121039
1 9.219413
1 -13.677031
1 9.121309
1 27.228987
1 -17.113064
1 -3.424015
1 -18.225069
1 27.458509
1 -1.545330
1 1.805095
1 3.031094
1 -16.044842
1 27.906759
1 -18.123602
1 -14.794073
1 0.273433
1 -14.553424
1 35.360802
1 -8.393270
1 26.522280
1 28.345247
1 -11.379862
1 -18.593029
1 18.322798
1 -24.513523
1 -4.116198
2 26.135763
2 12.013217
2 18.040289
2 3.560616
2 -6.406634
2 -6.577546
2 4.713580
2 33.321133
2 -4.811041
2 31.894442
2 -23.837805
2 -18.831034
2 -27.012852
2 -30.115589
2 10.176344
2 -28.540243
2 24.385492
2 14.257240
2 19.890051
2 9.029423
2 33.902939
2 -29.359966
2 15.153978
2 31.971434
2 -13.194611
2 16.963228
2 -25.928640
2 13.211300
2 -12.056580
2 9.708656
2 3.968166
2 16.559580
2 -7.329983
2 21.550585
2 23.048029
2 27.224638
2 3.212231
2 -13.718358
2 -1.194963
2 -0.001647
2 31.385878
2 7.611616
2 -30.216520
2 18.128897
2 -13.586894
2 -25.357008
2 -26.660913
2 23.597040
2 -24.075838
2 6.648682
2 -12.479624
2 21.939507
2 14.028849
2 11.447878
2 25.743092
2 37.561592
2 22.920500
2 14.389018
2 -13.960979
2 17.838068
2 -16.345171
2 7.513442
2 -16.513334
2 22.156260
2 -29.630009
2 18.241379
2 -21.709677
2 -9.970784
2 20.079004
2 -14.790259
2 -5.323631
2 0.277398
2 11.332325
2 11.424068
2 2.199047
2 -21.202414
2 4.500325
2 1.229059
2 -22.257999
2 -13.093607
2 1.298191
2 21.776667
2 -12.420123
2 -3.783754
2 -10.804115
2 1.795810
2 -16.645927
2 -22.751505
2 18.636744
2 -19.018255
2 21.526958
2 18.927523
2 2.878505
2 18.725828
2 -33.154758
2 5.050582
2 10.590954
2 -11.971851
2 -2.238856
2 -12.537334
2 -18.922565
2 17.931370
2 20.562737
2 24.880651
2 -18.695322
2 15.402345
2 -14.521580
2 1.934519
2 25.919851
2 -16.297758
2 -37.790268
2 -9.943304
2 -13.967762
2 16.506929
2 15.963753
2 2.174443
2 -7.236969
2 23.968904
2 -6.132283
2 -18.641256
2 -11.412408
2 11.638485
2 -15.686183
2 19.378658
2 14.551836
2 8.632883
2 5.954917
2 8.897448
2 -14.669452
2 13.325712
2 1.923901
2 -12.045143
2 10.679817
2 -11.356774
2 -15.832850
2 11.360892
2 -18.836702
2 16.888067
2 -16.194254
2 -7.301173
2 -15.954414
2 12.768244
2 -15.054637
2 -1.353316
2 27.560888
2 -22.149023
2 -24.921181
2 -9.307200
2 -6.555859
2 13.278343
2 -33.125862
2 9.549465
2 -7.499005
2 -18.579840
2 -8.563713
2 2.451901
2 29.518534
2 -17.068258
2 24.352516
2 7.736116
2 -10.110026
2 9.368258
2 -20.099760
2 -30.408049
2 4.294713
2 10.899658
2 -21.016397
2 -9.285827
2 13.611210
2 -12.747755
2 -21.073204
2 13.916367
2 8.261841
2 -19.854490
2 -7.811420
2 15.515393
2 7.950368
2 -21.840513
2 -11.983428
2 16.391401
2 18.656622
2 -11.781942
2 -21.234491
2 -9.242673
2 7.752008
2 14.803199
2 -40.906025
2 3.297130
2 1.026643
2 -18.089096
2 -12.448877
2 -8.529411
2 24.321760
2 15.466158
2 -11.417063
2 11.585100
2 6.921254
2 -4.984171
2 11.890976
2 -19.833658
2 16.187950
2 -21.125006
2 -9.624077
2 3.595138
2 -5.611963
2 -21.234671
2 7.581804
2 -20.278173
2 -25.585199
2 -18.354864
2 14.563459
2 -14.862645
2 8.335216
2 -16.426188
2 -10.603416
2 5.459042
2 -14.086884
2 -12.817612
2 6.998353
2 15.848728
2 -19.708084
2 3.458771
2 -14.098184
2 -18.688486
2 14.642835
2 18.721754
2 19.238586
2 -18.684469
2 16.002459
2 30.346136
2 -25.580158
2 1.231593
2 -18.989553
2 17.910620
2 17.492834
2 15.320679
2 -30.951414
2 14.295908
2 -8.157386
2 9.360975
2 -19.087439
2 -14.928690
2 0.972717
2 1.918552
2 -6.031222
2 -16.027809
2 -27.957132
2 -17.303732
2 -22.641096
2 33.591496
2 -4.551404
2 -32.707363
2 1.038661
2 0.426905
2 -13.783560
2 -15.709973
2 -11.225744
2 9.182166
2 -13.780462
2 -22.061094
2 27.771074
2 -26.120092
2 -7.366677
2 -14.578953
2 1.401164
2 7.402565
2 -4.027554
2 15.438774
2 4.255177
2 -0.435518
2 -12.415340
2 6.794492
2 -9.090484
2 -20.145613
2 -11.677275
2 14.571064
2 11.002086
2 15.082335
2 25.134609
2 -2.406970
2 -24.248196
2 2.388592
2 33.442711
2 22.446398
2 25.682455
2 -21.102423
2 3.845643
2 21.719440
2 0.989759
2 -13.732727
2 21.940866
2 -15.320586
2 9.756174
2 16.991394
2 -21.736856
2 -34.355003
2 17.851908
2 -0.208418
2 -4.701541
2 -12.810562
2 10.690575
2 7.779121
2 19.326128
2 -10.862043
2 -2.738696
2 -21.984226
2 -13.723061
2 -2.179714
2 -8.612947
2 -24.638388
2 -25.791252
2 5.367752
2 2.933823
2 -18.562658
2 -24.334595
2 13.637172
2 5.265144
2 10.961732
2 -11.898510
2 -20.347704
2 -18.842348
2 -27.377073
2 0.124376
2 -16.350643
2 -12.170827
2 -10.928535
2 5.141839
2 1.142665
2 -13.493361
2 16.185900
2 -32.304070
2 9.094500
2 22.634716
2 17.585310
2 -13.797945
2 10.013407
2 -25.907539
2 19.509783
2 -19.495958
2 -21.251905
2 14.566943
2 -26.407749
2 -27.462107
2 8.549140
2 13.938536
2 -8.228881
2 29.376303
2 -14.705793
2 23.300783
2 25.452143
2 41.042534
2 -20.043989
2 -14.234448
2 -13.449652
2 4.700160
2 29.042269
2 -12.174036
2 -3.181019
2 -17.990507
2 -8.645620
2 3.041164
2 29.684437
2 -3.513572
2 -2.546895
2 -0.888393
2 -20.432499
2 -16.594709
2 13.750787
2 14.581989
2 -18.957623
2 -12.947557
2 28.838568
2 16.245398
2 -18.626715
2 -13.478830
2 -23.109308
2 -2.542758
2 23.290253
2 -16.390833
2 -14.117815
2 -18.134642
2 1.119067
2 7.605056
2 3.800364
2 -20.184134
2 -3.316979
2 14.935108
2 11.631619
2 -23.815630
2 8.028397
2 13.152752
2 -19.196507
2 -14.470079
2 23.186031
2 -9.588593
2 -0.411461
2 -33.094112
2 -16.649126
2 -24.333185
2 3.029526
2 13.463321
2 -3.233743
2 -17.295279
2 14.592175
2 20.105610
2 -23.364775
2 -6.981175
2 11.644505
2 31.768888
2 12.368107
2 -4.026419
2 -15.775646
2 5.978829
2 14.661138
2 -30.141989
2 -23.768618
2 -7.256206
2 16.644953
2 -30.894144
2 -11.933491
2 10.878347
2 0.573425
2 30.142910
2 -13.087219
2 -22.244606
2 -13.805193
2 -11.099424
2 22.937181
2 -14.952286
2 13.295380
2 -32.153507
2 -9.401700
2 -17.140425
2 2.160278
2 0.398314
2 17.284220
2 11.754768
2 -21.172291
2 7.113179
2 0.625278
2 -13.225678
2 0.082485
2 34.175625
2 -22.560524
2 19.912003
2 -9.955902
2 -14.221701
2 22.144405
2 -18.043190
2 5.375262
2 23.463114
2 -20.110554
2 0.369221
2 5.535685
2 1.201758
2 24.948076
2 -19.833937
2 19.702528
2 3.843015
2 -2.777668
2 -14.990562
2 0.802641
2 -13.434368
2 -2.049615
2 26.172670
2 30.172495
2 32.144478
2 25.237312
2 4.820727
2 13.784999
2 -12.771765
2 13.438213
2 17.908484
2 13.197548
2 -12.697762
2 -15.204302
2 -7.358799
2 18.871958
2 18.826851
2 -18.660864
2 -7.030575
2 -12.342718
2 -18.616936
2 17.618858
2 -20.175486
2 0.366542
2 23.927103
2 -16.624327
2 -28.695078
2 -6.727398
2 -17.121244
2 4.612170
2 -16.139456
2 -24.559422
2 -31.710421
2 -20.220945
2 -16.949051
2 34.146896
2 12.983972
2 1.673187
2 -10.552826
2 -5.381952
2 -6.172953
2 -13.571297
2 15.406006
2 -14.185861
2 18.963116
2 22.964376
2 32.789700
2 25.991053
2 -19.620979
2 -7.409139
2 19.128115
2 -10.683156
2 -2.429989
2 -16.621239
2 13.869676
2 28.675444
2 6.160303
2 -8.146730
2 0.479624
2 17.258909
2 -18.273283
2 -2.730063
2 -27.846762
2 2.623553
2 -4.096577
2 -11.919921
2 -9.528657
2 -28.362968
2 -14.481137
2 16.772898
2 23.601547
2 -23.337008
2 -27.166922
2 -8.994370
2 17.912012
2 27.399029
2 -15.839229
2 21.303520
2 10.408503
2 0.726790
2 0.758175
2 -24.057840
2 8.692711
2 1.371181
2 17.944796
2 -18.153484
2 27.427263
2 -14.954304
2 7.883918
2 24.596411
2 -28.097275
2 0.568211
2 -12.387337
2 23.721132
2 -31.272308
2 4.420626
2 13.681522
2 -35.012146
2 -27.858265
2 4.333683
2 -30.296970
2 2.021474
2 9.069034
2 2.575621
2 21.217144
2 8.024759
2 1.775958
2 -18.436049
2 2.248827
2 -25.812874
2 26.571463
2 12.527973
2 -31.975334
2 -15.723028
2 6.094506
2 14.717182
2 -7.147605
2 -1.372140
2 0.216919
2 8.850111
2 -11.693207
2 6.599099
2 7.450839
2 0.220425
2 -13.114044
2 -9.285033
2 -10.069855
2 33.568993
2 4.074254
2 -15.781515
2 12.274405
2 -9.657719
2 0.532708
2 33.543694
2 32.805706
2 8.979691
2 -0.640953
2 18.781328
2 -13.364059
2 -12.564867
2 9.116348
2 15.077897
2 10.785501
2 -21.384825
2 -22.831127
2 -19.901743
2 16.380625
2 -13.637245
2 14.633874
2 17.208294
2 9.738630
2 7.928426
2 -16.031633
2 23.890219
2 -19.317499
2 -23.696472
2 1.457505
2 3.383775
2 14.593814
2 5.380145
2 11.405769
2 5.706608
2 25.865313
2 1.242150
2 -26.883242
2 -8.225103
2 20.115532
2 10.288912
2 21.074213
2 -20.156414
2 14.610095
2 19.297838
2 29.657120
2 4.546550
2 -18.239836
2 4.329482
2 15.156502
2 -25.102053
2 -25.661995
2 16.268061
2 8.189518
2 8.662864
2 -13.370764
2 -17.302078
2 -15.596013
2 -9.568954
2 8.273384
2 -7.835284
2 -20.480354
2 -27.313032
2 14.561856
2 -11.177603
2 -18.725821
2 13.960518
2 -8.016258
2 -16.354235
2 -3.235670
2 -24.060575
2 -7.546906
2 -24.252869
2 -16.325035
2 -5.985198
2 5.525934
2 18.228291
2 -31.438038
2 -18.661880
2 -15.829847
2 41.887257
2 8.127636
2 22.610716
2 -0.543951
2 8.048359
2 3.934460
2 23.482286
2 -18.044796
2 19.500322
2 -24.927820
2 -28.061289
2 -10.131636
2 37.501869
2 1.000753
2 22.019884
2 7.125596
2 -3.921885
2 -18.064148
2 2.259827
2 -10.587309
2 2.804343
2 11.445049
2 -14.606213
2 5.196545
2 28.612448
2 24.337877
2 33.837025
2 -22.003748
2 -14.492613
2 26.839739
2 19.791134
2 15.254198
2 -10.084215
2 -22.111063
2 -27.648123
2 9.462820
2 -3.807430
2 4.850934
2 1.442183
2 18.449469
2 -15.397383
2 23.487461
2 -0.381771
2 0.340846
2 4.997653
2 1.194284
2 17.185179
2 4.365629
2 1.654359
2 -17.477640
2 33.701691
2 -16.710537
2 -18.567823
2 17.488081
2 -24.282042
2 12.651530
2 16.439634
2 12.604757
2 -22.801268
2 -19.201633
2 -24.193800
2 11.302215
2 2.614839
2 11.223494
2 16.798290
2 8.051145
2 -13.190710
2 -2.702950
2 19.864622
2 1.687332
2 -9.109440
2 1.842575
2 -24.415661
2 -30.368467
2 -12.779675
2 -11.375428
2 -21.614870
2 -26.864664
2 -1.138814
2 -8.309963
2 1.094745
2 -10.761022
2 -12.907417
2 17.914530
2 -12.306259
2 18.120184
2 -19.226944
2 -13.976555
2 -28.208323
2 -19.138174
2 -16.187767
2 -13.625437
2 -29.260769
2 -10.518896
2 21.514189
2 6.301010
2 -26.841223
2 26.045309
2 -17.412270
3 -29.893286
3 2.977840
3 15.109561
3 -20.295914
3 18.265530
3 -14.552550
3 -18.059431
3 0.551078
3 -12.946973
3 15.108518
3 33.528008
3 31.267143
3 1.198422
3 -25.956924
3 10.379426
3 0.409181
3 -12.968164
3 -10.093176
3 -26.075539
3 -26.260204
3 22.900949
3 16.997128
3 -27.849442
3 -10.091247
3 23.758768
3 -3.069876
3 -28.016155
3 -19.381310
3 -8.494345
3 24.901628
3 15.143845
3 -20.225903
3 -4.000299
3 -14.739604
3 -13.590071
3 1.103960
3 4.047627
3 -10.748813
3 16.062527
3 1.965086
3 2.811267
3 13.550611
3 -3.014180
3 28.239998
3 16.184027
3 23.818485
3 -5.806507
3 -21.172363
3 -14.502702
3 15.017468
3 9.421657
3 13.859363
3 2.536408
3 14.057553
3 18.829266
3 6.936562
3 3.552006
3 22.913435
3 1.279651
3 9.794917
3 -14.380490
3 4.628007
3 19.705200
3 1.379590
3 1.170645
3 -11.674932
3 5.160319
3 -23.041409
3 34.825851
3 -16.335617
3 -12.091598
3 40.522175
3 42.606674
3 18.009226
3 -18.714247
3 -16.256067
3 -24.738310
3 1.651470
3 -23.683502
3 -17.294043
3 36.496094
3 5.649967
3 -27.713520
3 13.567554
3 16.923117
3 10.346293
3 -24.543242
3 6.833025
3 4.103660
3 -9.243999
3 -8.689731
3 -1.503835
3 -0.816106
3 33.901428
3 -27.714321
3 -11.401125
3 -18.839466
3 1.940896
3 1.517355
3 -5.936107
3 -11.705004
3 36.762402
3 -15.945715
3 4.774967
3 25.542965
3 14.328561
3 -15.101487
3 15.795353
3 -12.120696
3 1.090499
3 6.708922
3 8.779896
3 6.638669
3 2.320281
3 -13.029069
3 -1.259798
3 -17.053558
3 -15.233374
3 -25.887285
3 8.524331
3 0.439589
3 -13.759631
3 1.814149
3 32.263763
3 -16.977886
3 -17.272001
3 -21.675413
3 12.797391
3 -21.606621
3 -16.854498
3 -18.833046
3 -18.423367
3 -17.504032
3 5.430822
3 -8.141385
3 -7.730712
3 -30.332291
3 2.785579
3 26.750631
3 35.358368
3 19.650478
3 -22.557945
3 -6.268117
3 -14.599692
3 -31.702106
3 -4.577031
3 25.980061
3 12.668792
3 18.687956
3 10.340575
3 1.269150
3 17.195732
3 19.109318
3 11.433063
3 7.818695
3 20.649130
3 -0.614437
3 11.568418
3 -13.939626
3 -16.485432
3 1.303866
3 1.364175
3 19.404343
3 -13.228827
3 -24.822910
3 -28.107960
3 -5.389725
3 7.486544
3 2.416591
3 -6.664789
3 -8.368997
3 0.839380
3 -16.654087
3 14.868839
3 -1.747067
3 -19.834595
3 -3.578007
3 -15.211495
3 34.797279
3 17.291420
3 8.482877
3 -20.365356
3 5.741633
3 -5.648241
3 -18.917267
3 24.065033
3 2.105483
3 20.719110
3 -7.170971
3 17.433811
3 15.619644
3 2.988402
3 -20.835718
3 2.107438
3 -13.642466
3 10.981719
3 16.721531
3 20.117809
3 0.893972
3 -35.190315
3 -22.434483
3 -31.689129
3 -9.161214
3 17.098564
3 -10.614980
3 15.754031
3 2.920149
3 20.797842
3 -30.238525
3 3.062998
3 27.011303
3 -7.955715
3 8.573761
3 29.118061
3 -22.899733
3 13.512159
3 -5.651457
3 -21.403004
3 -14.532851
3 -26.425112
3 0.931845
3 -9.272905
3 1.211153
3 -11.593242
3 -15.162120
3 22.041500
3 -26.908360
3 -25.707565
3 -14.535017
3 -24.946829
3 20.574537
3 -34.986256
3 -20.429047
3 -7.983636
3 -4.357643
3 20.491047
3 -13.875469
3 -15.856437
3 9.607342
3 -13.916789
3 2.152079
3 -25.431107
3 22.644653
3 5.812306
3 14.767582
3 -8.892565
3 -15.414185
3 2.947135
3 1.786574
3 17.044907
3 -9.210032
3 -5.249825
3 -13.908668
3 -12.368647
3 -7.245943
3 -32.902176
3 -31.085876
3 8.209517
3 1.942839
3 12.053508
3 0.693115
3 2.206087
3 17.799295
3 14.597525
3 -17.428425
3 8.224299
3 30.004045
3 9.237533
3 13.428905
3 -6.793416
3 -8.725444
3 -16.089043
3 -12.777590
3 8.371845
3 -24.833687
3 10.449062
3 -21.404453
3 3.646513
3 -9.816314
3 22.038464
3 -17.732368
3 1.885654
3 -4.219839
3 -11.621486
3 28.548084
3 8.182830
3 14.664678
3 -13.761725
3 -16.410221
3 8.008449
3 18.593639
3 6.399089
3 7.559948
3 0.520587
3 36.901939
3 -12.245360
3 3.573657
3 -5.944094
3 5.408530
3 19.482693
3 -10.635348
3 -19.763800
3 23.958672
3 5.035949
3 7.830606
3 -9.343747
3 1.746735
3 -13.424677
3 -7.423021
3 -13.710662
3 -28.785351
3 -10.056152
3 -18.108255
3 -9.850515
3 -23.802162
3 12.250021
3 15.972795
3 -11.066216
3 -27.273281
3 5.094197
3 17.002720
3 -4.369979
3 -24.421553
3 30.854233
3 -12.998801
3 -12.461047
3 15.651874
3 0.613095
3 1.468507
3 24.609449
3 -0.473421
3 10.745126
3 46.530479
3 2.368986
3 -28.472225
3 10.180036
3 7.192571
3 -20.270454
3 -24.061676
3 4.299091
3 -26.472889
3 36.566658
3 13.016967
3 18.306652
3 -16.062370
3 9.110463
3 -7.015843
3 23.598358
3 4.163615
3 -21.563789
3 14.312169
3 -14.990073
3 -23.789314
3 -18.831696
3 -22.424988
3 -16.101900
3 7.557598
3 26.178680
3 -15.248881
3 1.988954
3 7.007471
3 -21.067614
3 19.731358
3 -33.744446
3 -5.598019
3 14.801448
3 2.743562
3 14.911805
3 18.596493
3 1.338536
3 15.243953
3 -34.626331
3 16.493118
3 29.529285
3 23.729301
3 17.879913
3 -18.037748
3 -18.857225
3 2.166525
3 40.781059
3 -18.407898
3 25.522114
3 -17.661356
3 -17.058445
3 17.628328
3 11.843797
3 -19.324408
3 -12.431647
3 16.397009
3 -14.662417
3 12.791324
3 -19.665468
3 18.838902
3 0.860614
3 5.895696
3 -9.081351
3 16.770603
3 -14.540992
3 -23.078199
3 -22.354290
3 -20.072140
3 0.728644
3 3.810207
3 6.573559
3 2.143763
3 0.645496
3 -13.719854
3 -20.082880
3 19.309151
3 26.918936
3 -12.957548
3 6.479587
3 1.586611
3 19.580975
3 -21.401295
3 9.467936
3 12.720431
3 17.419300
3 1.705481
3 -9.825269
3 -9.588660
3 2.234562
3 1.449821
3 7.590201
3 -11.657338
3 -7.850295
3 -27.158319
3 -19.613638
3 11.383258
3 -12.201660
3 -22.501621
3 -0.787711
3 -21.974747
3 12.875935
3 -19.018124
3 -19.193405
3 27.570812
3 35.630913
3 -16.006416
3 1.924322
3 10.517552
3 -26.319916
3 -21.122635
3 -18.979721
3 -20.136803
3 23.786800
3 -21.335035
3 -16.149750
3 -0.389280
3 -29.512533
3 16.526035
3 -18.760799
3 -24.150215
3 1.998284
3 6.526589
3 -4.501755
3 -30.669228
3 -32.084084
3 -22.657515
3 -21.282190
3 -18.846249
3 -11.694749
3 4.905014
3 -17.036537
3 -9.051995
3 24.405476
3 24.238056
3 20.025925
3 25.622585
3 38.267902
3 -8.019825
3 -21.065966
3 17.352058
3 -14.808999
3 23.795855
3 1.834693
3 -10.385499
3 -27.575253
3 -27.061405
3 1.667671
3 -11.957610
3 10.725482
3 4.384428
3 28.576797
3 -10.003799
3 -13.894527
3 -15.591039
3 22.022163
3 -8.364837
3 24.081371
3 -19.205750
3 3.462756
3 21.586422
3 15.457603
3 -7.105596
3 -25.138798
3 10.484337
3 -2.519750
3 4.843718
3 -1.455949
3 -25.083221
3 -21.189718
3 -22.147724
3 1.161345
3 -23.821804
3 -10.175097
3 -6.539011
3 1.406441
3 19.456846
3 1.674424
3 28.833698
3 -18.152239
3 -16.278282
3 4.708766
3 36.256947
3 2.604359
3 8.921057
3 1.034714
3 -7.214638
3 24.239166
3 -19.299133
3 4.141407
3 18.228584
3 3.746987
3 12.308461
3 2.324422
3 -23.224941
3 22.268526
3 -20.315096
3 8.139705
3 -13.702577
3 -12.658376
3 -17.120270
3 -12.623435
3 16.612606
3 7.363372
3 -15.493503
3 -28.150906
3 12.911315
3 -12.488258
3 41.470108
3 8.022286
3 -32.359940
3 8.912215
3 -20.442921
3 -7.560935
3 14.218276
3 17.084890
3 -10.243474
3 3.306330
3 9.704842
3 39.934731
3 -18.169044
3 0.691245
3 10.648410
3 2.306199
3 -24.527714
3 -25.625774
3 15.484418
3 1.736058
3 -29.356127
3 28.267471
3 -4.927135
3 5.627735
3 -13.799108
3 -15.597854
3 -16.010794
3 -10.433367
3 -15.540277
3 3.109357
3 5.556524
3 -15.148992
3 2.205915
3 6.908096
3 13.540109
3 -2.541329
3 26.568325
3 -8.945620
3 1.427285
3 -20.008669
3 1.188761
3 -27.885656
3 -4.233879
3 8.753194
3 15.080505
3 -18.179901
3 11.137504
3 -19.788958
3 -15.008975
3 4.197167
3 -1.889223
3 -16.343025
3 9.041688
3 -13.891599
3 5.866466
3 27.342106
3 -23.444489
3 3.235622
3 -25.178093
3 21.706703
3 3.569710
3 32.413929
3 24.260197
3 -0.706846
3 -17.745796
3 16.864632
3 15.073746
3 23.225563
3 26.524712
3 -11.800179
3 11.932559
3 -10.250712
3 -23.607641
3 14.781215
3 19.897146
3 5.527074
3 3.103115
3 4.377760
3 -9.902965
3 -12.193864
3 17.021692
3 -22.066750
3 10.051746
3 -19.687727
3 1.264457
3 -8.932985
3 40.890522
3 -3.230590
3 -17.494045
3 -18.725403
3 -13.803431
3 35.054394
3 15.978620
3 -2.413501
3 -21.008560
3 -6.832354
3 -23.034237
3 -19.685989
3 9.466039
3 -25.086283
3 2.515573
3 -18.863441
3 -25.071972
3 -24.588696
3 -10.633797
3 9.325840
3 -17.296608
3 -6.195512
3 0.478106
3 -18.447182
3 -7.686833
3 -29.144684
3 21.994272
3 14.469107
3 15.377527
3 -32.380833
3 -23.054056
3 -20.333637
3 -9.877246
3 -28.881348
3 9.681127
3 5.020075
3 -13.727077
3 3.094084
3 21.167767
3 -29.624733
3 14.355956
3 20.118383
3 -10.530820
3 -22.302280
3 -2.387666
3 -8.479520
3 -34.131260
3 -17.383493
3 21.870779
3 10.046117
3 -18.206377
3 33.361515
3 0.433634
3 -13.730645
3 -7.526278
3 11.358503
3 -15.262248
3 39.233261
3 2.555085
3 4.808087
3 5.623155
3 27.646683
3 -19.519131
3 2.134033
3 -16.740398
3 1.854292
3 -27.310743
3 -13.346908
3 6.252766
3 4.661714
3 -15.969453
3 -27.463318
3 -29.096596
3 -26.906326
3 0.497303
3 9.692902
3 -13.054862
3 -23.587179
3 15.162864
3 3.377942
3 -11.882918
3 -8.887701
3 -10.139670
3 1.347911
3 -12.090105
3 -9.365618
3 -24.636868
3 9.263593
3 8.417954
3 11.979879
3 -11.873107
3 20.710247
3 2.739217
3 -12.098221
3 -33.717033
3 24.500006
3 -21.061375
3 6.971059
3 1.253619
3 7.737220
3 6.060135
3 43.006634
3 26.125614
3 15.786038
3 15.319355
3 -0.894164
3 -12.853705
3 -15.227249
3 5.567273
3 8.569903
3 21.122993
3 12.003734
3 -13.139990
3 13.958713
3 -19.038223
3 22.262112
3 2.264660
3 5.271255
3 -2.578421
3 -3.146311
3 -0.863544
3 -3.960232
3 -13.080377
3 32.225159
3 30.008545
3 -15.550133
3 0.990361
3 16.206980
3 16.910192
3 -11.581579
3 -26.561575
3 -24.298027
3 3.327822
3 -13.588937
3 12.307376
3 -13.971059
3 -10.457301
3 -15.630116
3 4.662810
3 21.962629
3 -22.325771
3 34.087105
