1 12.858971
1 -12.415586
1 7.673627
1 -9.830607
1 -13.624990
1 -11.084723
1 -11.042202
1 -12.947878
1 -15.322189
1 -4.222035
1 -8.528989
1 12.896088
1 -11.990183
1 12.754005
1 8.574873
1 9.689075
1 13.136993
1 5.429016
1 12.234770
1 4.989745
1 12.045286
1 -14.568305
1 -14.186185
1 13.146879
1 10.137830
1 -13.723321
1 6.073017
1 7.425275
1 5.270806
1 12.714924
1 -12.586090
1 11.890928
1 9.698282
1 -6.723548
1 -14.042367
1 -13.857670
1 13.229330
1 -13.887335
1 -13.454130
1 -13.677797
1 12.278397
1 -13.907053
1 -8.247091
1 -6.551664
1 -14.481524
1 -13.345486
1 -12.398026
1 -14.207142
1 -12.939700
1 3.971132
1 -2.653092
1 14.629889
1 -11.897255
1 -11.804702
1 13.467793
1 13.150146
1 -13.788822
1 -15.407965
1 -13.543750
1 13.725679
1 11.277849
1 -12.238909
1 13.279265
1 -5.601225
1 -10.707743
1 12.276484
1 -13.053327
1 -14.875147
1 12.854546
1 -13.114538
1 5.561728
1 -12.759719
1 -14.138117
1 -12.893186
1 8.642153
1 8.639776
1 11.778888
1 -14.190756
1 -5.037575
1 -10.898171
1 -11.405212
1 13.520708
1 8.516680
1 7.892416
1 7.958586
1 -13.944242
1 -13.223830
1 -12.874586
1 13.353182
1 11.449047
1 11.505051
1 -12.992120
1 13.202749
1 10.023207
1 -13.101567
1 12.116373
1 8.754309
1 -12.356791
1 10.028301
1 3.478286
1 -13.545439
1 -9.500727
1 3.250519
1 -13.196049
1 -13.544571
1 14.263914
1 12.677049
1 12.672781
1 -13.448774
1 13.281806
1 -16.597075
1 -5.596701
1 10.716367
1 -12.683214
1 -12.787279
1 9.156211
1 -12.024143
1 -9.935881
1 -12.795044
1 11.829906
1 12.139408
1 10.861744
1 -12.768747
1 -8.101240
1 0.351937
1 11.890675
1 -3.152440
1 -13.533670
1 -13.200019
1 -13.832508
1 -15.955572
1 3.564050
1 -12.652309
1 -13.256382
1 -10.930400
1 12.895384
1 -8.227932
1 -13.728779
1 -13.422982
1 12.409060
1 4.276681
1 -7.000800
1 13.308401
1 12.561357
1 8.949194
1 12.134521
1 10.478760
1 10.794203
1 -14.543159
1 3.567006
1 11.994440
1 13.028086
1 -13.387531
1 -10.629430
1 -13.502062
1 -11.882394
1 -12.682673
1 -9.195644
1 -12.510453
1 12.702099
1 -14.596451
1 -12.655786
1 11.738255
1 1.983058
1 13.627633
1 -13.959451
1 -13.494011
1 12.614999
1 4.317332
1 -8.521715
1 -0.383918
1 11.461414
1 11.707412
1 -13.126714
1 14.198831
1 -10.058065
1 1.997912
1 -14.223716
1 12.483014
1 8.663997
1 -13.024858
1 12.833358
1 -12.894083
1 13.544600
1 14.444611
1 12.858850
1 11.953674
1 -10.327687
1 14.270103
1 -13.126501
1 12.192755
1 -13.804281
1 -0.926793
1 -1.102648
1 12.532516
1 9.920095
1 -6.287890
1 -10.703388
1 -14.418917
1 11.716576
1 13.535261
1 -12.584148
1 -12.915146
1 -8.576712
1 5.737116
1 5.027751
1 14.063234
1 9.844267
1 -14.676098
1 -12.235119
1 -12.249804
1 -13.570267
1 12.601383
1 -4.098481
1 13.854750
1 7.172721
1 13.534605
1 -9.263394
1 13.369128
1 12.360218
1 -11.147522
1 -13.425563
1 13.380354
1 -9.891909
1 -14.118784
1 -12.977350
1 13.242668
1 12.183981
1 12.596573
1 11.466567
1 -12.258078
1 -12.724868
1 13.493814
1 13.896948
1 11.675851
1 -11.968706
1 -9.474926
1 -8.124310
1 13.390749
1 13.243947
1 -13.856640
1 -12.691795
1 -13.997775
1 8.695425
1 -5.364079
1 -11.378126
1 -17.747536
1 12.136422
1 -13.671984
1 12.706888
1 -13.068529
1 -14.301206
1 -13.189108
1 12.246785
1 -9.919420
1 -3.241669
1 -12.666265
1 10.623408
1 13.926476
1 -11.669422
1 13.509037
1 12.969219
1 -9.725635
1 -14.423653
1 -14.936784
1 -12.263512
1 11.411531
1 -13.190095
1 -11.092388
1 12.458977
1 11.837745
1 5.049931
1 0.006425
1 -13.752875
1 10.284489
1 0.768890
1 -13.471865
1 -11.895225
1 -12.607769
1 -12.413742
1 -12.562534
1 15.816454
1 14.188948
1 12.084526
1 -12.647720
1 12.137547
1 -12.530493
1 -12.442595
1 -13.507389
1 13.927232
1 11.137476
1 14.921580
1 8.408586
1 -6.053293
1 -9.132587
1 -14.046338
1 -9.024429
1 13.182897
1 4.115241
1 1.254234
1 9.794706
1 10.472666
1 -10.896639
1 -9.692719
1 -12.693374
1 -12.087485
1 -11.341283
1 -10.695146
1 4.235863
1 -13.238052
1 -11.231651
1 -11.186622
1 -12.162670
1 -12.899918
1 11.206560
1 13.220119
1 -12.114700
1 -13.466518
1 -14.016163
1 -11.573954
1 13.974703
1 -13.660679
1 13.677694
1 -11.724742
1 13.159882
1 -11.939884
1 -13.541430
1 -13.040572
1 -11.790720
1 16.192732
1 -7.949893
1 -13.529037
1 9.988180
1 -13.449800
1 -6.341827
1 -12.190427
1 -5.172025
1 13.641884
1 -12.303005
1 12.216391
1 -13.717186
1 3.053489
1 7.544503
1 -12.612865
1 -12.718137
1 -13.499378
1 13.437744
1 -7.839842
1 -11.333546
1 14.532852
1 12.625136
1 10.099300
1 -5.720024
1 14.392767
1 -11.124811
1 -13.430439
1 -13.416887
1 15.199767
1 -13.488697
1 -0.751926
1 5.053376
1 -13.222948
1 -12.775995
1 10.321659
1 -12.406677
1 -11.195448
1 -2.140292
1 -5.896801
1 14.022348
1 -14.941898
1 7.332967
1 -15.438087
1 -11.884254
1 13.343181
1 -8.148777
1 2.845433
1 -12.238965
1 12.639816
1 13.886044
1 12.026066
1 -11.866005
1 -7.877003
1 -11.063231
1 -4.567495
1 -11.860386
1 11.098301
1 -10.610586
1 -11.347757
1 -13.064590
1 -3.514742
1 7.330327
1 -4.164296
1 12.432888
1 14.277409
1 -11.989746
1 -13.380629
1 -11.319226
1 -11.879698
1 9.842402
1 15.484261
1 5.099185
1 13.695859
1 15.109483
1 6.894191
1 9.959527
1 -11.438471
1 12.440557
1 13.061811
1 9.203143
1 4.922228
1 -7.814269
1 -13.538109
1 -12.468762
1 -17.874878
1 10.126099
1 10.970165
1 -12.878357
1 13.034056
1 -1.472229
1 11.340363
1 -12.836298
1 -8.147768
1 5.591107
1 14.411648
1 -11.989708
1 -13.923347
1 13.375483
1 -15.625853
1 4.234052
1 -11.645981
1 13.048555
1 -13.539946
1 12.713768
1 -14.130180
1 12.848210
1 -7.581481
1 -13.130517
1 -13.366112
1 13.403544
1 10.639863
1 -13.426880
1 -10.603807
1 8.521517
1 -11.262597
1 13.864370
1 12.729298
1 12.795988
1 13.367096
1 13.270382
1 12.884748
1 -13.258053
1 -13.445488
1 -12.104441
1 3.745230
1 12.066464
1 14.068721
1 -10.569928
1 -6.095489
1 13.430632
1 -12.769449
1 15.700721
1 -13.127513
1 -11.498581
1 -11.999142
1 13.456538
1 12.993999
1 -13.363542
1 2.621038
1 10.356191
1 -12.443624
1 -12.117554
1 -14.016745
1 -5.777217
1 7.816549
1 -13.121113
1 12.325365
1 -6.569279
1 5.123295
1 -11.173694
1 11.741314
1 11.602032
1 12.533186
1 -13.495720
1 -11.862670
1 13.050177
1 12.485678
1 -9.812087
1 -12.359171
1 13.555157
1 -12.823897
1 7.460704
1 13.008639
1 5.973137
1 -1.657356
1 -13.738713
1 -12.994675
1 3.970946
1 13.164480
1 -10.074595
1 -12.184315
1 13.411146
1 -11.072847
1 -9.828590
1 -9.788193
1 -12.062473
1 -12.556743
1 12.993011
1 14.112374
1 -12.578489
1 7.051314
1 12.793022
1 14.558118
1 -7.518623
1 11.832010
1 13.146906
1 13.695893
1 -11.768332
1 -12.292499
1 -5.924799
1 -13.031666
1 -10.854971
1 -11.355736
1 15.146789
1 13.667050
1 -11.065361
1 11.684838
1 -13.774004
1 -11.582330
1 -13.588147
1 -12.373954
1 -12.337646
1 8.441099
1 14.059834
1 -12.949654
1 15.256175
1 -12.185846
1 -12.981974
1 15.840181
1 10.176497
1 -13.008684
1 -13.300072
1 -6.243442
1 -15.853513
1 -11.299043
1 13.947920
1 7.145387
1 13.385922
1 13.863213
1 9.104815
1 10.910360
1 -13.591537
1 -12.736544
1 10.146644
1 -7.411957
1 -13.361788
1 0.363260
1 -18.721636
1 4.579359
1 15.529987
1 -7.737330
1 13.675468
1 11.944752
1 14.026532
1 1.495408
1 -15.154482
1 -12.103380
1 -13.068232
1 -9.545630
1 -3.015416
1 -10.881094
1 -13.388758
1 -11.586488
1 -13.965760
1 7.969210
1 -11.615434
1 -12.398683
1 -13.797414
1 14.095221
1 -3.911103
1 14.293736
1 15.662392
1 -16.640148
1 14.181774
1 -12.076399
1 9.694926
1 13.674725
1 -6.961433
1 -10.203175
1 -13.445887
1 -9.776423
1 -12.501467
1 -15.801390
1 -0.213564
1 -13.136987
1 5.044353
1 14.294872
1 -9.104887
1 -11.834910
1 13.732893
1 -11.391510
1 9.698856
1 11.104954
1 6.091768
1 -12.480492
1 -11.832167
1 -7.542339
1 6.059806
1 10.756219
1 -10.880032
1 -12.060242
1 14.007802
1 5.986812
1 -9.291299
1 -11.393482
1 5.778779
1 -11.213605
1 -14.866543
1 1.129277
1 -13.910355
1 13.617787
1 15.568916
1 2.746074
1 11.724774
1 -10.856432
1 -11.367353
1 11.869740
1 -13.384155
1 13.638582
1 12.280510
1 -10.472401
1 14.075416
1 -11.029612
1 15.345367
1 -13.106287
1 -8.840494
1 -13.464778
1 -6.872087
1 2.109825
1 -11.978600
1 -8.889617
1 5.182644
1 -7.540503
1 -3.544922
1 -11.871594
1 -11.918204
1 -11.241826
1 -10.392531
1 -5.399025
1 15.710902
1 -13.589720
1 3.198171
1 -12.819933
1 -13.767179
1 -8.080557
1 -12.009610
1 14.021281
1 14.692967
1 5.907603
1 -12.794679
1 4.027241
1 13.389416
1 -12.025803
1 -10.845307
1 -11.181846
1 -11.281653
1 -8.721155
1 -12.954947
1 14.396978
1 -13.650029
1 15.378398
1 -2.318514
1 10.382880
1 0.463937
1 17.430693
1 13.303270
1 -12.445030
1 11.433868
1 -12.678679
1 10.165291
1 -15.215487
1 0.364824
1 -11.797782
1 14.998785
1 6.715863
1 -12.254407
1 6.212895
1 16.933676
1 14.231077
1 -11.484159
1 -11.720942
1 12.906442
1 -8.902131
1 15.067959
1 -12.297981
1 -12.756224
1 -12.747787
1 13.783486
1 -12.538752
1 -1.325917
1 13.051535
1 15.416519
1 14.729187
1 -13.541938
1 -4.199566
1 -10.757399
1 -9.024984
1 11.930784
1 -12.545253
1 13.498564
1 -5.177736
1 -10.619321
1 -13.744027
1 -10.558348
1 -14.531263
1 6.130860
1 -13.567362
1 -0.730804
1 10.465556
1 8.503952
1 -1.219042
1 -13.430634
1 13.815926
1 -12.614347
1 2.228653
1 -11.314972
1 8.568851
1 -10.678404
1 11.495741
1 -11.637554
1 14.556705
1 12.814910
1 -11.485279
1 15.420776
1 10.354706
1 -13.158422
1 -12.632961
1 14.737442
1 12.288436
1 14.438116
1 10.203943
1 -12.701664
1 10.782723
1 -9.378820
1 9.101749
1 -11.535461
1 -14.403841
1 11.196447
1 13.851293
1 13.007669
1 -10.916837
1 -11.333841
1 -4.766069
1 -7.385473
1 -13.709002
1 8.711050
1 12.708556
1 -10.099033
1 14.229959
1 -13.281199
1 2.259732
1 13.829752
1 -6.333160
1 13.892839
1 6.644865
1 -12.820036
1 -10.293422
1 -8.398491
1 5.051072
2 -1.249983
2 -12.269491
2 -14.032464
2 13.769856
2 13.406865
2 -13.706791
2 -12.471461
2 -6.898137
2 -0.972429
2 16.763649
2 4.118865
2 -7.186610
2 5.565872
2 -13.039349
2 -15.051301
2 13.152767
2 14.290420
2 -12.168613
2 -13.348128
2 10.026599
2 4.011812
2 11.332888
2 -12.934257
2 -9.489962
2 10.936941
2 -6.395578
2 -13.851062
2 -8.297840
2 11.632142
2 -10.177905
2 -13.681701
2 -14.394661
2 -8.125460
2 1.712428
2 -1.126669
2 14.957008
2 -12.922998
2 -12.854493
2 -13.141633
2 -3.129761
2 13.136106
2 7.975809
2 -0.213229
2 -12.389834
2 8.353637
2 -13.768367
2 13.953520
2 -19.370499
2 9.313179
2 13.888848
2 10.831019
2 -12.462275
2 12.613336
2 -14.628598
2 8.299002
2 1.247715
2 13.698913
2 -14.014676
2 -13.526301
2 14.435401
2 -0.150713
2 -12.721120
2 -11.995845
2 6.680759
2 12.047990
2 -13.844890
2 13.764514
2 10.557693
2 16.040211
2 14.114654
2 -13.433373
2 13.426664
2 14.718551
2 -14.103208
2 -13.756680
2 15.106639
2 2.691886
2 -14.074667
2 -12.509686
2 -12.641843
2 13.426892
2 -14.220088
2 12.000371
2 -14.261881
2 9.796693
2 7.377354
2 -6.602451
2 13.445052
2 5.150337
2 -13.965669
2 13.212459
2 8.171039
2 -4.581746
2 -12.113626
2 13.066231
2 -12.126119
2 13.736016
2 0.363403
2 -13.859979
2 9.846406
2 -0.186783
2 11.692763
2 -15.142873
2 -13.220323
2 13.296324
2 16.103241
2 6.877833
2 13.508662
2 1.330242
2 -14.720984
2 11.997936
2 8.774203
2 -13.093300
2 14.097525
2 -13.632550
2 -11.474867
2 -12.652501
2 12.665107
2 12.475114
2 13.470286
2 -12.696218
2 -13.813114
2 11.086602
2 -9.809145
2 -13.208568
2 12.581953
2 13.145890
2 13.572600
2 -1.375081
2 -13.071362
2 9.453386
2 -0.105370
2 15.403762
2 14.228358
2 -10.405866
2 13.088321
2 -2.973728
2 9.093095
2 -13.611537
2 -13.312469
2 12.655766
2 5.833408
2 11.480529
2 -5.302527
2 10.841991
2 -13.480029
2 -9.244023
2 15.973964
2 -12.331784
2 -14.096286
2 -5.421103
2 -13.657433
2 14.442332
2 12.821637
2 11.875096
2 -10.378521
2 -13.005069
2 -8.134241
2 -14.254999
2 -9.544419
2 -14.510465
2 12.169068
2 -12.931262
2 -13.989435
2 -1.059901
2 6.148129
2 -12.844945
2 -13.195426
2 -12.506975
2 -6.212162
2 -12.657262
2 14.596704
2 -13.912946
2 8.269185
2 11.809752
2 8.353664
2 3.682577
2 19.779352
2 7.499198
2 11.205039
2 -12.865273
2 -12.610797
2 7.907652
2 -10.294605
2 13.369625
2 4.171247
2 0.530787
2 0.020658
2 -14.079374
2 -10.438561
2 -12.595223
2 -9.480382
2 -13.936041
2 -13.157883
2 12.737330
2 4.947182
2 -2.725525
2 -14.588531
2 -12.497701
2 4.860547
2 5.949833
2 -13.821389
2 5.378899
2 -8.435571
2 -12.867860
2 -13.337636
2 -14.113971
2 -14.270952
2 -13.835848
2 -11.082189
2 -13.854935
2 10.351912
2 -14.325570
2 11.069798
2 -14.103678
2 11.402602
2 -0.260268
2 -16.339514
2 -12.604173
2 -12.727947
2 2.577277
2 -13.521249
2 -12.701249
2 13.972700
2 12.687161
2 11.779467
2 -14.084008
2 -13.785700
2 15.999902
2 2.196203
2 9.464334
2 13.622275
2 -10.725473
2 1.482046
2 12.730254
2 7.651568
2 -12.691876
2 -5.814714
2 0.137865
2 -14.934384
2 13.214393
2 -12.643008
2 -13.117990
2 10.025352
2 9.139789
2 -12.222672
2 8.447402
2 -11.202211
2 -12.250101
2 13.910600
2 -6.483217
2 -11.214949
2 6.842928
2 -13.981572
2 1.861122
2 -13.403788
2 -12.178154
2 -3.401336
2 12.468354
2 -13.812261
2 11.956296
2 -6.679219
2 1.495729
2 13.538055
2 -5.443702
2 12.550994
2 -10.002250
2 13.921750
2 8.405692
2 8.666123
2 12.294488
2 -12.129787
2 12.443416
2 -14.025520
2 -8.142472
2 -12.188367
2 -13.312486
2 3.058159
2 13.886389
2 13.773911
2 -12.543712
2 13.187419
2 -11.469131
2 -14.657903
2 11.852078
2 -0.666484
2 10.642310
2 14.861894
2 13.452722
2 11.711888
2 12.921206
2 -13.655360
2 -14.057319
2 12.672074
2 11.444190
2 4.877622
2 -11.188210
2 10.657701
2 -13.952303
2 -13.459723
2 9.498925
2 -14.414886
2 11.555625
2 -13.469409
2 -11.325288
2 16.413261
2 7.537388
2 -13.513440
2 -12.200140
2 11.050109
2 -11.219689
2 -12.835519
2 -10.970315
2 -7.002448
2 -12.551450
2 -12.186805
2 9.606353
2 -13.261120
2 -13.134846
2 10.798048
2 -11.364570
2 -13.363851
2 14.456933
2 -10.900029
2 10.098062
2 14.696841
2 -12.187133
2 -11.648293
2 -12.821258
2 -12.797097
2 6.900295
2 3.143970
2 -13.711112
2 10.393616
2 14.902532
2 13.123929
2 6.710897
2 4.581997
2 -7.449221
2 -13.075793
2 -13.046180
2 -8.483092
2 -10.650619
2 5.868656
2 0.640458
2 9.878132
2 -12.471810
2 -11.758128
2 -1.079031
2 -8.288985
2 12.556147
2 -10.712969
2 13.366473
2 -4.606949
2 16.223156
2 12.397435
2 -8.728518
2 -13.909804
2 -10.042746
2 13.288524
2 -11.719285
2 -11.369327
2 12.719840
2 12.554770
2 -13.319935
2 -10.760497
2 2.238137
2 -10.427312
2 -13.952329
2 13.528163
2 -10.117480
2 -13.429271
2 -11.288985
2 13.094452
2 -14.019715
2 -12.873034
2 12.306035
2 -11.610948
2 -13.082625
2 -13.250069
2 7.621863
2 -3.435651
2 -13.629670
2 1.264375
2 -13.741663
2 -8.056390
2 -13.735474
2 12.732305
2 14.987733
2 13.846459
2 -13.719892
2 -11.914503
2 -8.123943
2 -0.412712
2 -12.452979
2 -1.340823
2 -12.180823
2 -12.405382
2 -11.274666
2 12.219251
2 -13.742914
2 -13.729035
2 -8.220845
2 -8.178473
2 12.992719
2 6.357666
2 -12.804969
2 14.059206
2 14.235981
2 -12.655137
2 -13.689919
2 -12.293712
2 12.847633
2 6.363315
2 -13.863304
2 12.861640
2 13.532786
2 13.115157
2 13.322114
2 -14.288403
2 -8.465020
2 4.590959
2 -13.834499
2 12.453957
2 -6.184235
2 15.161775
2 7.999981
2 -12.858001
2 13.781125
2 13.933361
2 -13.886409
2 -6.941778
2 11.479717
2 12.519027
2 -13.663302
2 -13.157121
2 -13.184660
2 12.207410
2 9.926713
2 -11.861410
2 -11.503497
2 -7.479574
2 12.886371
2 -12.926029
2 -11.862591
2 5.493999
2 -13.093594
2 -14.660312
2 12.549598
2 13.101102
2 12.812554
2 -15.150072
2 11.220322
2 -13.985739
2 12.922249
2 -10.741979
2 5.468632
2 14.510684
2 -12.955069
2 6.940107
2 -13.473203
2 1.754624
2 13.362423
2 -11.863692
2 13.262864
2 12.962923
2 -13.327664
2 -14.201152
2 -11.437760
2 -13.771754
2 -13.085533
2 12.374238
2 -6.082983
2 12.186472
2 7.032387
2 -13.934838
2 11.791227
2 -10.226839
2 -13.501581
2 4.296942
2 9.436899
2 13.447791
2 -12.033749
2 14.151971
2 -5.457965
2 5.711310
2 11.043862
2 11.319800
2 12.685515
2 9.722720
2 -11.168536
2 3.294016
2 6.316618
2 10.385230
2 -13.893350
2 -13.772151
2 6.331844
2 -12.449421
2 13.316193
2 -11.209785
2 -9.061999
2 12.926997
2 6.323429
2 6.624894
2 -12.740661
2 -12.114949
2 -12.263070
2 -11.678028
2 -13.912585
2 -13.117301
2 5.080706
2 -10.367360
2 2.246945
2 -13.302715
2 -13.068639
2 -13.297243
2 12.396172
2 7.066415
2 -12.394538
2 12.924953
2 2.809748
2 -12.059182
2 8.007201
2 -13.160207
2 -13.413518
2 -9.083459
2 13.792474
2 12.765819
2 10.140178
2 2.467435
2 10.562460
2 12.755269
2 -13.178697
2 -13.130866
2 -13.292760
2 -12.338738
2 -13.202170
2 -12.468145
2 10.555818
2 -13.236712
2 2.567849
2 -12.592046
2 11.114206
2 -6.135528
2 -13.534177
2 -6.653667
2 14.120044
2 -9.897111
2 12.972671
2 -12.758679
2 -10.461782
2 -9.604587
2 -12.599242
2 -12.030055
2 -8.602344
2 -13.680247
2 8.701341
2 -10.772206
2 -13.204090
2 15.618144
2 7.974237
2 -11.553306
2 7.912831
2 -10.086858
2 -12.006348
2 -12.513477
2 -12.247575
2 13.270008
2 13.804042
2 13.363791
2 -13.308429
2 14.470256
2 14.123189
2 0.319117
2 15.478888
2 -13.125426
2 3.174509
2 14.120605
2 -13.240525
2 -13.521462
2 -12.524279
2 5.148335
2 -13.409784
2 12.888970
2 13.673979
2 -13.413492
2 11.269864
2 -8.853894
2 -13.166900
2 -7.681589
2 -6.446746
2 14.797383
2 -15.093610
2 3.167954
2 6.500451
2 -9.926380
2 -11.457370
2 13.433361
2 -12.374074
2 6.078774
2 3.008197
2 -12.103183
2 11.505549
2 12.991158
2 10.562510
2 -11.979682
2 15.465600
2 13.205988
2 -9.763616
2 6.170104
2 -12.912106
2 -14.030167
2 -15.125546
2 7.507422
2 -12.623454
2 8.039297
2 11.697198
2 3.873683
2 6.282791
2 1.313542
2 -12.023013
2 -10.955874
2 13.918294
2 14.536925
2 -13.089059
2 -12.852858
2 13.274887
2 13.971633
2 15.068584
2 -13.846861
2 -11.580411
2 -14.239753
2 1.776409
2 -11.718499
2 -12.860910
2 12.390404
2 12.552197
2 6.000190
2 -12.026843
2 -11.879431
2 -13.443885
2 14.106883
2 13.094713
2 12.680662
2 3.317448
2 -11.668627
2 13.880038
2 12.722076
2 -13.412938
2 14.692956
2 15.482510
2 -11.433986
2 13.945407
2 -12.404140
2 6.953932
2 7.366693
2 -14.022523
2 -11.101649
2 14.793303
2 14.082017
2 -4.254810
2 -13.178104
2 -9.413247
2 5.043961
2 -2.745749
2 4.650623
2 12.573478
2 -12.279032
2 -13.109977
2 8.049859
2 -13.565589
2 -13.923280
2 -13.130597
2 -7.867333
2 -14.152493
2 0.523584
2 -12.091865
2 -13.068714
2 13.033194
2 -11.669812
2 10.244452
2 -12.733286
2 14.772754
2 16.409380
2 -13.957211
2 10.677100
2 -13.331944
2 -13.413974
2 13.937169
2 -1.885811
2 -11.529262
2 -12.218036
2 7.173093
2 -11.507391
2 -12.308118
2 7.757861
2 -12.868405
2 -12.858867
2 -11.813608
2 11.659129
2 13.672922
2 7.975306
2 -5.839113
2 -2.735788
2 -7.126377
2 -12.199683
2 10.464194
2 -12.574761
2 12.022127
2 -7.688869
2 -7.913230
2 0.911229
2 -12.886417
2 -7.943416
2 11.597105
2 -12.262925
2 -12.051182
2 -12.103339
2 9.307330
2 -12.963473
2 11.887630
2 -13.831740
2 -11.981436
2 -8.247617
2 12.731226
2 7.395961
2 7.198743
2 12.588307
2 12.262851
2 12.036269
2 14.981391
2 -13.390831
2 14.051896
2 -13.523963
2 13.044342
2 11.640262
2 -2.613415
2 -13.256553
2 14.080840
2 4.680559
2 -3.383423
2 15.068208
2 -13.471597
2 -10.098311
2 -11.260466
2 12.119534
2 6.571675
2 13.581316
2 -12.613070
2 -7.139189
2 -12.017632
2 -12.299412
2 -14.539340
2 -12.577258
2 10.753104
2 15.249692
2 -13.771060
2 -13.530648
2 -13.412268
2 9.419592
2 -12.510892
2 13.310709
2 4.806172
2 -13.052627
2 -0.229574
2 -11.660342
2 10.758077
2 13.230318
3 11.931405
3 -13.445952
3 11.433945
3 -13.748433
3 5.859129
3 8.043424
3 5.461682
3 -11.405143
3 12.333558
3 -12.122411
3 2.410559
3 -12.619580
3 -13.769088
3 12.465667
3 -12.833554
3 13.125466
3 12.673696
3 6.912140
3 -14.951911
3 -4.160403
3 -13.490293
3 -12.608689
3 -14.363947
3 0.560511
3 -13.229875
3 -14.340817
3 -12.035183
3 12.733928
3 -13.081910
3 11.583324
3 12.807485
3 1.328915
3 3.578510
3 8.948167
3 -12.927897
3 -12.226362
3 12.580937
3 -6.612046
3 -5.096378
3 12.784590
3 -8.608697
3 8.253350
3 -13.647353
3 13.071513
3 -12.939240
3 -13.740800
3 13.317244
3 -12.377090
3 -0.489440
3 12.368375
3 5.958393
3 -12.317396
3 8.757277
3 -13.439340
3 -12.982228
3 -12.813756
3 -3.074371
3 -14.089816
3 -12.006577
3 -6.625585
3 7.736516
3 -12.083558
3 -1.332200
3 12.636173
3 -13.552943
3 -13.933742
3 -14.165792
3 11.744227
3 12.503600
3 -13.926533
3 -12.508208
3 12.427299
3 -13.746137
3 12.639563
3 12.927964
3 -14.041131
3 -14.214482
3 12.770375
3 -6.761961
3 -12.947488
3 -11.711093
3 11.813217
3 11.403190
3 -12.196580
3 -3.487315
3 12.159117
3 12.922614
3 -13.061570
3 -14.360214
3 -13.546741
3 12.102585
3 11.876735
3 12.567545
3 -13.206639
3 12.773923
3 9.739758
3 -12.657268
3 -5.018712
3 -11.851413
3 -11.047414
3 -12.521977
3 11.871020
3 -14.206299
3 -13.737517
3 12.523164
3 -6.773806
3 12.012218
3 10.229222
3 -12.408967
3 -4.437787
3 12.390177
3 -13.170297
3 -13.876151
3 -14.264900
3 -13.325429
3 -13.079532
3 13.374363
3 -13.916318
3 -13.808089
3 -13.720334
3 7.251242
3 11.256967
3 -13.505724
3 12.067961
3 3.687063
3 8.774020
3 -12.614547
3 4.737583
3 -11.283287
3 -11.261422
3 -12.392826
3 -14.271271
3 12.537870
3 14.274065
3 6.092748
3 12.774492
3 12.262015
3 -14.057839
3 -13.469607
3 12.711978
3 12.220637
3 -13.788064
3 9.390578
3 13.459431
3 12.687637
3 3.111362
3 12.778899
3 13.773093
3 13.115132
3 13.143148
3 -11.356053
3 -4.605036
3 -13.769435
3 12.125259
3 -13.725648
3 -13.482833
3 -14.229807
3 12.221876
3 -11.879546
3 11.047776
3 12.365359
3 -14.188239
3 -11.743173
3 12.732613
3 -14.329235
3 -12.541085
3 -8.513660
3 12.213910
3 12.489837
3 12.042230
3 -13.927361
3 11.264512
3 -8.101029
3 13.613047
3 -9.812741
3 -13.619452
3 -13.836916
3 -11.574636
3 11.889644
3 13.019465
3 3.587075
3 -14.018792
3 12.744626
3 -12.364756
3 10.092248
3 12.642282
3 -14.075270
3 -4.403781
3 12.864974
3 12.389207
3 12.401191
3 -13.197193
3 11.796918
3 -11.907136
3 -12.943578
3 10.845463
3 12.668009
3 -3.828204
3 -13.322152
3 -12.273612
3 -14.270243
3 -8.594084
3 -12.937693
3 -14.333885
3 -6.428747
3 12.447043
3 10.085462
3 -13.987412
3 -0.416627
3 -15.090343
3 -12.771687
3 -13.785447
3 3.570091
3 11.999512
3 12.518245
3 7.594077
3 -13.788182
3 10.319888
3 -12.745830
3 13.080726
3 -14.211092
3 -5.833061
3 -14.360875
3 7.889913
3 -13.435962
3 -14.077301
3 11.420560
3 12.921487
3 -13.363025
3 12.654463
3 -13.003905
3 -11.114785
3 12.845117
3 9.311196
3 11.751931
3 12.339887
3 -13.622899
3 -12.872211
3 12.501373
3 -12.635741
3 13.181012
3 -13.230182
3 -13.267846
3 11.066381
3 13.310186
3 11.630277
3 11.318466
3 11.474604
3 12.699557
3 13.059144
3 -5.638742
3 9.772254
3 12.683763
3 12.414580
3 -13.930196
3 12.900380
3 -12.654245
3 11.393718
3 12.800105
3 -14.229844
3 11.451941
3 -13.257501
3 12.019868
3 13.300459
3 12.104367
3 -12.537827
3 -13.288080
3 4.225621
3 -12.406451
3 -13.569781
3 -10.234170
3 -13.084773
3 -4.800444
3 -13.042508
3 -13.251929
3 13.380764
3 -13.400876
3 14.190306
3 -12.251023
3 14.842959
3 4.982775
3 -13.607974
3 -6.625260
3 1.146065
3 11.873508
3 -14.110635
3 12.314919
3 12.848330
3 10.239396
3 -13.522039
3 -14.173026
3 -13.223128
3 -13.670291
3 9.386147
3 -1.021134
3 -11.878785
3 -14.999778
3 12.587411
3 -11.457137
3 9.528428
3 -1.725887
3 11.958687
3 -12.946897
3 10.377850
3 1.405700
3 -12.843543
3 -7.080829
3 -12.991223
3 9.507567
3 -10.822878
3 9.049558
3 -12.414203
3 -13.733979
3 13.376507
3 -14.592374
3 11.230454
3 -12.527607
3 5.744341
3 -3.620702
3 11.629559
3 -13.228483
3 12.773257
3 -12.557757
3 -12.636333
3 -12.034932
3 7.109404
3 -12.377683
3 -11.945325
3 -12.106742
3 -12.898808
3 12.073195
3 -12.747449
3 13.872531
3 -13.272492
3 12.717181
3 -14.474301
3 10.997713
3 12.128076
3 11.167080
3 -12.351378
3 11.485573
3 -13.202161
3 11.483059
3 -12.815805
3 -12.178491
3 -12.296309
3 11.661828
3 -11.857630
3 13.331510
3 -14.543168
3 -13.152375
3 -13.350344
3 11.362891
3 13.159694
3 9.242769
3 -12.379685
3 12.107871
3 -13.536548
3 11.655636
3 12.420167
3 -13.266190
3 12.785707
3 11.123485
3 13.850110
3 -0.799394
3 12.161679
3 -10.189126
3 13.854608
3 -0.709280
3 -13.462878
3 13.571605
3 -11.364508
3 -13.734509
3 12.718804
3 12.922656
3 -10.083032
3 12.232104
3 8.536400
3 -6.271418
3 -13.293530
3 13.636115
3 11.584883
3 12.018446
3 11.339673
3 13.522551
3 -4.541016
3 11.861539
3 -2.445388
3 -11.809797
3 -12.181748
3 11.954875
3 -13.377683
3 12.241674
3 -3.840659
3 -13.382213
3 -13.251711
3 12.534461
3 -12.749082
3 12.592589
3 -1.460423
3 12.032584
3 13.129388
3 -12.170737
3 -11.746991
3 6.570949
3 -11.573665
3 11.765329
3 12.344926
3 -13.327037
3 12.485324
3 -4.255614
3 -14.263630
3 10.925689
3 13.628495
3 12.195601
3 10.044775
3 12.493602
3 -14.832024
3 -11.580186
3 13.686610
3 8.202987
3 -14.108468
3 -12.821235
3 12.947900
3 12.721110
3 -13.693261
3 -13.790339
3 -12.583568
3 -11.377854
3 11.622634
3 8.356516
3 -11.816978
3 2.329246
3 -11.315509
3 12.152491
3 -12.256843
3 -11.156108
3 -4.369730
3 -10.239165
3 12.309382
3 12.699088
3 -12.385460
3 -2.694029
3 12.804505
3 -12.961643
3 12.355834
3 11.789353
3 13.103904
3 -13.110912
3 12.705338
3 -10.898166
3 13.140061
3 11.344674
3 12.290845
3 -13.792388
3 -13.716515
3 11.323884
3 10.851712
3 1.789757
3 12.523021
3 10.802783
3 12.467774
3 -14.587979
3 -12.831785
3 12.196195
3 12.261847
3 12.034620
3 2.879221
3 8.792298
3 -14.553392
3 14.061028
3 -12.969707
3 -13.651391
3 -12.717146
3 -12.597807
3 -12.152856
3 -13.461102
3 -12.803885
3 12.082236
3 11.876768
3 5.584366
3 -12.441701
3 -12.360535
3 5.481874
3 -13.699075
3 -11.239522
3 -13.559028
3 11.545778
3 -13.165135
3 9.662515
3 -10.122323
3 -12.571223
3 13.098582
3 -13.414392
3 -13.122687
3 -13.464414
3 -11.690646
3 -13.647665
3 -12.747082
3 11.562276
3 2.171070
3 -13.255649
3 -11.686265
3 -13.358384
3 -13.318391
3 -1.118075
3 13.641919
3 -14.991215
3 -13.145432
3 -13.975915
3 11.528587
3 12.069266
3 -12.601323
3 -13.188811
3 12.188230
3 10.761421
3 -12.950840
3 8.630269
3 -14.072820
3 -12.699940
3 -13.362019
3 11.659461
3 -13.248286
3 12.073237
3 11.646614
3 -11.969890
3 -11.564857
3 13.347948
3 11.480873
3 12.040224
3 -13.278403
3 -13.217528
3 -13.553596
3 11.978969
3 -14.378835
3 12.189631
3 -12.655327
3 -14.103455
3 -12.852201
3 -13.282546
3 11.801704
3 12.037017
3 -8.795280
3 -6.008213
3 11.477839
3 0.464085
3 8.939291
3 10.751386
3 -14.084623
3 -4.850753
3 -13.643184
3 12.071124
3 -10.427272
3 -12.724433
3 12.512209
3 8.883529
3 -6.613757
3 -14.011956
3 -12.201247
3 6.151447
3 11.506748
3 11.352457
3 -13.862472
3 -2.863535
3 11.254657
3 11.819882
3 12.917140
3 -8.581005
3 11.352117
3 -13.726519
3 7.015475
3 11.322339
3 -14.832774
3 -9.019259
3 11.529563
3 -12.822602
3 10.595504
3 11.665486
3 -14.101893
3 -14.103131
3 -13.361167
3 -10.660584
3 11.630358
3 -8.627551
3 -14.173570
3 10.363996
3 10.869462
3 -13.939075
3 0.516119
3 11.181819
3 -12.476816
3 11.160510
3 11.625949
3 -16.015684
3 12.641328
3 11.384889
3 -13.408100
3 12.474133
3 -14.130874
3 -13.775646
3 -11.132020
3 1.606489
3 10.733848
3 11.636701
3 -13.425212
3 11.021452
3 -13.207206
3 3.386762
3 -13.924664
3 11.652135
3 -13.373731
3 -12.112971
3 -12.225406
3 -13.674979
3 12.506235
3 12.059815
3 11.065728
3 -13.500022
3 11.890454
3 12.109345
3 11.229680
3 -13.510118
3 11.612576
3 -2.551374
3 -13.865571
3 -11.361972
3 12.295807
3 4.667180
3 -14.112490
3 12.372923
3 -13.668913
3 11.804155
3 10.880318
3 -14.116226
3 -13.748635
3 10.965830
3 -11.541219
3 5.504941
3 11.757027
3 12.405505
3 -13.494398
3 -13.636411
3 11.626374
3 12.791378
3 11.770441
3 -12.407912
3 11.880250
3 10.293573
3 13.268315
3 -12.805103
3 9.131700
3 12.326214
3 -12.920533
3 12.024252
3 -14.127924
3 -11.656586
3 12.874292
3 12.824714
3 8.706260
3 9.444411
3 -12.723186
3 12.192754
3 -12.332058
3 11.604582
3 -3.174725
3 12.307402
3 -11.700203
3 11.938232
3 10.698921
3 -13.287431
3 -13.812153
3 11.078683
3 10.770115
3 -6.998042
3 -13.704248
3 10.514113
3 -13.119239
3 11.910434
3 9.044228
3 12.575681
3 1.866075
3 -14.030700
3 -13.867102
3 11.881680
3 11.814951
3 -13.958184
3 11.554746
3 -12.983539
3 -14.893661
3 -12.433327
3 11.059249
3 -12.825559
3 -12.524852
3 11.603482
3 11.585658
3 -13.887790
3 11.981687
3 12.202132
3 12.358106
3 -13.833723
3 12.555701
3 -11.485600
3 -13.997781
3 11.086713
3 12.425797
3 12.527045
3 0.924194
3 -15.485943
3 -13.700419
3 11.825752
3 -13.726840
3 11.851589
3 -14.064733
3 -12.983759
3 -13.595151
3 -14.006764
3 13.315216
3 -14.241143
3 -14.103816
3 -12.981546
3 -12.306396
3 -8.713541
3 8.291599
3 11.665149
3 11.427199
3 -6.499601
3 11.346301
3 9.128331
3 12.224134
3 -11.823722
3 11.465444
3 13.224042
3 7.130994
3 12.291153
3 11.672091
3 11.082627
3 10.732236
3 -10.597867
3 -13.226117
3 -14.192454
3 -13.410192
3 -14.030026
3 -4.774634
3 3.589049
3 -12.989636
3 -13.246755
3 12.226098
3 -13.065518
3 -13.638566
3 -12.894601
3 0.434591
3 6.977035
3 -13.599626
3 11.194380
3 -12.447654
3 -12.170363
3 -13.455028
3 -13.271473
3 12.030059
3 -12.438408
3 11.632350
3 -13.957997
3 -14.107420
3 13.163055
3 -9.896445
3 -12.603104
3 -13.747064
3 -12.815806
